4 0.2375 0.6796875 0.0546875 0.0796875
4 0.625 0.684375 0.0546875 0.0734375
4 0.69375 0.6875 0.0546875 0.0671875
4 0.51875 0.7015625 0.096875 0.096875
4 0.31875 0.7046875 0.0625 0.09375
4 0.1421875 0.7125 0.0796875 0.128125
4 0.865625 0.7203125 0.0609375 0.090625
4 0.7609375 0.7234375 0.0734375 0.109375
4 0.625 0.753125 0.0578125 0.0484375
4 0.4015625 0.759375 0.0734375 0.0796875
4 0.50625 0.7625 0.0703125 0.0546875
4 0.8890625 0.8171875 0.065625 0.0953125
4 0.603125 0.8171875 0.065625 0.0734375
4 0.7015625 0.821875 0.078125 0.09375
4 0.8046875 0.828125 0.0515625 0.0625
4 0.1859375 0.828125 0.0734375 0.1125
4 0.284375 0.8296875 0.0984375 0.1234375
4 0.5078125 0.8296875 0.0640625 0.0859375
4 0.4125 0.84375 0.06875 0.075
4 0.115625 0.0875 0.08125 0.1375
4 0.609375 0.0875 0.10625 0.14375
4 0.815625 0.90625 0.078125 0.0734375
4 0.9 0.909375 0.04375 0.0734375
4 0.615625 0.915625 0.0984375 0.1046875
4 0.509375 0.915625 0.0671875 0.084375
4 0.7078125 0.91875 0.06875 0.078125
4 0.3765625 0.934375 0.0859375 0.071875
4 0.2625 0.9359375 0.065625 0.0640625
4 0.4234375 0.09375 0.1046875 0.1296875
4 0.159375 0.9515625 0.059375 0.0703125
4 0.1859375 0.1015625 0.0453125 0.053125
4 0.2625 0.1171875 0.06875 0.121875
4 0.7484375 0.15 0.125 0.13125
4 0.8671875 0.1515625 0.0890625 0.0875
4 0.428125 0.1765625 0.0609375 0.05
4 0.6328125 0.18125 0.059375 0.040625
4 0.19375 0.1859375 0.0375 0.05625
4 0.525 0.1875 0.0421875 0.0625
4 0.3171875 0.19375 0.0640625 0.0765625
4 0.7015625 0.24375 0.06875 0.0734375
4 0.1140625 0.25625 0.06875 0.1046875
4 0.35625 0.265625 0.0734375 0.1234375
4 0.228125 0.271875 0.0546875 0.1234375
4 0.5328125 0.275 0.0390625 0.0546875
4 0.290625 0.2796875 0.0390625 0.0609375
4 0.465625 0.2828125 0.08125 0.121875
4 0.5921875 0.284375 0.0703125 0.1453125
4 0.36328125 0.02890625 0.0609375 0.0578125
4 0.784375 0.3109375 0.075 0.103125
4 0.8484375 0.3125 0.0625 0.103125
4 0.696875 0.3140625 0.053125 0.078125
4 0.1453125 0.3265625 0.046875 0.06875
4 0.1875 0.03359375 0.04375 0.0671875
4 0.3984375 0.3421875 0.0453125 0.05
4 0.2984375 0.390625 0.05 0.059375
4 0.165625 0.3984375 0.04375 0.0625
4 0.5109375 0.41875 0.1046875 0.1140625
4 0.2296875 0.4203125 0.0625 0.1046875
4 0.646875 0.428125 0.0921875 0.0953125
4 0.3671875 0.428125 0.075 0.1
4 0.7890625 0.4390625 0.078125 0.1
4 0.8859375 0.453125 0.0703125 0.08125
4 0.5125 0.5 0.065625 0.046875
4 0.6390625 0.5015625 0.0609375 0.065625
4 0.7515625 0.5234375 0.065625 0.06875
4 0.5234375 0.0515625 0.0703125 0.1015625
4 0.4046875 0.528125 0.078125 0.0859375
4 0.715625 0.0546875 0.065625 0.0859375
4 0.2484375 0.5578125 0.09375 0.1265625
4 0.6875 0.5734375 0.078125 0.11875
4 0.578125 0.575 0.078125 0.1078125
4 0.903125 0.575 0.0359375 0.0875
4 0.478125 0.575 0.090625 0.090625
4 0.1328125 0.5875 0.05625 0.125
4 0.8125 0.5921875 0.0828125 0.09375
4 0.4140625 0.659375 0.0671875 0.0734375
4 0.8078125 0.6609375 0.0546875 0.0609375