4 0.3640625 0.665625 0.0296875 0.04375
4 0.2921875 0.66875 0.0703125 0.0890625
4 0.1609375 0.675 0.0875 0.11875
4 0.4421875 0.6765625 0.0921875 0.0953125
4 0.66875 0.6859375 0.0875 0.0859375
4 0.5625 0.6890625 0.0578125 0.0828125
4 0.6640625 0.0703125 0.0578125 0.065625
4 0.7890625 0.7125 0.059375 0.075
4 0.8421875 0.725 0.028125 0.0515625
4 0.26875 0.74375 0.0375 0.0453125
4 0.3703125 0.75625 0.0421875 0.0484375
4 0.49375 0.7671875 0.0375 0.040625
4 0.1375 0.7703125 0.046875 0.05625
4 0.2125 0.7796875 0.0515625 0.05
4 0.621875 0.78125 0.040625 0.046875
4 0.7453125 0.7828125 0.034375 0.034375
4 0.575 0.7875 0.0453125 0.0796875
4 0.440625 0.8015625 0.0484375 0.0734375
4 0.309375 0.803125 0.05625 0.08125
4 0.378125 0.8125 0.0296875 0.034375
4 0.7671875 0.821875 0.0578125 0.0671875
4 0.6703125 0.83125 0.078125 0.08125
4 0.4109375 0.865625 0.0515625 0.0390625
4 0.1328125 0.871875 0.065625 0.071875
4 0.55 0.8765625 0.0578125 0.046875
4 0.4734375 0.8765625 0.05 0.0671875
4 0.2234375 0.890625 0.0578125 0.08125
4 0.3453125 0.8953125 0.040625 0.084375
4 0.6234375 0.9046875 0.040625 0.0421875
4 0.8296875 0.9046875 0.04375 0.065625
4 0.19375 0.090625 0.05 0.040625
4 0.759375 0.915625 0.0546875 0.0609375
4 0.4046875 0.95 0.046875 0.0625
4 0.66875 0.95 0.075 0.0796875
4 0.290625 0.95 0.0328125 0.04375
4 0.5421875 0.95 0.0703125 0.0671875
4 0.3390625 0.1 0.0546875 0.071875
4 0.259375 0.103125 0.0625 0.090625
4 0.1265625 0.1140625 0.0609375 0.0703125
4 0.58125 0.1171875 0.0765625 0.0796875
4 0.740625 0.11875 0.0859375 0.0984375
4 0.4015625 0.1234375 0.0765625 0.1078125
4 0.4984375 0.1390625 0.0546875 0.05625
4 0.365625 0.1796875 0.0546875 0.053125
4 0.1796875 0.18125 0.0421875 0.0484375
4 0.6015625 0.1890625 0.0546875 0.040625
4 0.240625 0.190625 0.046875 0.05
4 0.509375 0.2203125 0.0828125 0.0984375
4 0.3171875 0.2265625 0.0640625 0.0625
4 0.7609375 0.240625 0.0640625 0.0625
4 0.390625 0.240625 0.05625 0.0625
4 0.65 0.246875 0.065625 0.065625
4 0.1703125 0.2484375 0.04375 0.059375
4 0.2390625 0.271875 0.06875 0.075
4 0.4328125 0.309375 0.071875 0.084375
4 0.5421875 0.3109375 0.0625 0.0671875
4 0.815625 0.3234375 0.0546875 0.0671875
4 0.728125 0.03203125 0.065625 0.0640625
4 0.6921875 0.3296875 0.040625 0.0625
4 0.128125 0.3359375 0.046875 0.040625
4 0.3125 0.34375 0.0546875 0.071875
4 0.5984375 0.3671875 0.0734375 0.075
4 0.2078125 0.3796875 0.078125 0.0890625
4 0.7453125 0.3859375 0.0703125 0.1
4 0.33125 0.4265625 0.065625 0.0625
4 0.81875 0.4484375 0.04375 0.046875
4 0.440625 0.4484375 0.0671875 0.0859375
4 0.15 0.453125 0.046875 0.0546875
4 0.5203125 0.45625 0.040625 0.0703125
4 0.7015625 0.471875 0.046875 0.06875
4 0.490625 0.0484375 0.0703125 0.06875
4 0.3828125 0.5125 0.053125 0.0609375
4 0.315625 0.5125 0.0671875 0.0609375
4 0.190625 0.528125 0.065625 0.0921875
4 0.73125 0.5296875 0.0296875 0.034375
4 0.384375 0.053125 0.0296875 0.040625
4 0.778125 0.540625 0.0515625 0.0859375
4 0.4859375 0.5609375 0.0640625 0.06875
4 0.68125 0.5734375 0.05 0.075
4 0.390625 0.5890625 0.040625 0.0390625
4 0.271875 0.5890625 0.0484375 0.0375
4 0.59375 0.596875 0.0375 0.0328125
4 0.8328125 0.609375 0.0359375 0.040625
4 0.53125 0.6265625 0.0359375 0.040625
4 0.7609375 0.6328125 0.0546875 0.065625