1 0.7234375 0.5890625 0.065625 0.0796875
1 0.5359375 0.615625 0.0734375 0.0796875
1 0.44375 0.621875 0.08125 0.1
1 0.815625 0.6328125 0.059375 0.0515625
1 0.18125 0.6484375 0.0828125 0.0734375
1 0.3 0.6578125 0.08125 0.0734375
1 0.6390625 0.6640625 0.0859375 0.065625
1 0.16875 0.0703125 0.1375 0.1140625
1 0.7546875 0.7234375 0.0984375 0.0984375
1 0.4390625 0.7640625 0.08125 0.1
1 0.5765625 0.765625 0.0796875 0.1
1 0.3140625 0.7671875 0.1015625 0.1109375
1 0.1859375 0.7734375 0.0953125 0.1015625
1 0.8328125 0.7765625 0.046875 0.0515625
1 0.58125 0.83125 0.0421875 0.0484375
1 0.4875 0.8484375 0.053125 0.059375
1 0.825 0.8671875 0.0640625 0.05625
1 0.68125 0.8765625 0.134375 0.1234375
1 0.3890625 0.890625 0.1125 0.1296875
1 0.5515625 0.9015625 0.0859375 0.0890625
1 0.2203125 0.9171875 0.0671875 0.0921875
1 0.33125 0.0921875 0.13125 0.13125
1 0.63125 0.0921875 0.1171875 0.1171875
1 0.296875 0.9625 0.0703125 0.0703125
1 0.5359375 0.096875 0.0390625 0.0671875
1 0.796875 0.0984375 0.1046875 0.0953125
1 0.4625 0.128125 0.0671875 0.0578125
1 0.7265625 0.1484375 0.0328125 0.04375
1 0.659375 0.178125 0.0390625 0.034375
1 0.5890625 0.1875 0.0625 0.0484375
1 0.4984375 0.1890625 0.0640625 0.05
1 0.24375 0.190625 0.0859375 0.0625
1 0.4046875 0.203125 0.046875 0.059375
1 0.7984375 0.2078125 0.0734375 0.059375
1 0.55625 0.2484375 0.0453125 0.0515625
1 0.3359375 0.2640625 0.128125 0.13125
1 0.6859375 0.2671875 0.11875 0.1171875
1 0.19375 0.2703125 0.078125 0.0921875
1 0.8453125 0.2828125 0.06875 0.0734375
1 0.490625 0.284375 0.09375 0.0828125
1 0.5984375 0.3046875 0.034375 0.04375
1 0.771875 0.3546875 0.0546875 0.0625
1 0.63125 0.359375 0.0296875 0.0296875
1 0.6953125 0.3609375 0.0515625 0.0609375
1 0.5640625 0.3640625 0.0953125 0.0734375
1 0.434375 0.3734375 0.0421875 0.040625
1 0.3625 0.3765625 0.059375 0.0625
1 0.2640625 0.4046875 0.109375 0.071875
1 0.1515625 0.4171875 0.075 0.075
1 0.6484375 0.4234375 0.053125 0.0421875
1 0.4890625 0.4328125 0.0640625 0.0515625
1 0.3734375 0.4421875 0.0671875 0.05
1 0.8515625 0.459375 0.078125 0.059375
1 0.7296875 0.4734375 0.0734375 0.0703125
1 0.428125 0.5203125 0.059375 0.0546875
1 0.571875 0.528125 0.0921875 0.0828125
1 0.2625 0.5328125 0.040625 0.0625
1 0.671875 0.5359375 0.0625 0.0640625
1 0.1734375 0.540625 0.0484375 0.059375
1 0.8453125 0.55 0.08125 0.0828125
1 0.3453125 0.571875 0.0625 0.053125