0 0.590625 0.2828125 0.0859375 0.0234375
2 0.2984375 0.296875 0.0328125 0.071875
3 0.7015625 0.2984375 0.040625 0.053125
3 0.396875 0.3015625 0.0546875 0.0484375
4 0.6359375 0.3375 0.046875 0.0640625
0 0.48125 0.3515625 0.028125 0.0734375
1 0.5453125 0.353125 0.046875 0.0515625
0 0.35 0.3578125 0.05 0.0265625
4 0.2421875 0.3734375 0.0359375 0.0453125
4 0.4359375 0.4 0.0328125 0.0515625
1 0.7125 0.403125 0.0578125 0.0671875
4 0.3234375 0.4125 0.0484375 0.0640625
0 0.55 0.428125 0.0328125 0.05625
1 0.55 0.434375 0.0515625 0.0859375
4 0.61875 0.471875 0.0703125 0.0796875
1 0.7203125 0.484375 0.0453125 0.0484375
3 0.4453125 0.4875 0.0625 0.053125
0 0.3484375 0.4921875 0.0453125 0.0625
0 0.534375 0.521875 0.0453125 0.0484375
3 0.6390625 0.5515625 0.0484375 0.0453125
1 0.7234375 0.5546875 0.0640625 0.053125
3 0.275 0.578125 0.0703125 0.075
4 0.3890625 0.5875 0.0578125 0.0828125
1 0.5828125 0.5875 0.046875 0.046875
0 0.5 0.6125 0.0609375 0.0625
0 0.665625 0.634375 0.025 0.0609375
2 0.7125 0.6390625 0.028125 0.0359375
2 0.6421875 0.64375 0.01875 0.0390625
2 0.5984375 0.6484375 0.0328125 0.046875
2 0.5578125 0.6484375 0.028125 0.0484375
2 0.325 0.65625 0.0265625 0.0421875
2 0.5078125 0.6578125 0.021875 0.040625
2 0.2609375 0.659375 0.0328125 0.0484375
2 0.459375 0.6625 0.0234375 0.0484375
2 0.3671875 0.6625 0.028125 0.059375
2 0.41875 0.66875 0.0234375 0.05625
1 0.5359375 0.69375 0.040625 0.0359375
1 0.30625 0.6953125 0.0421875 0.0359375
4 0.59375 0.7234375 0.0796875 0.0890625
4 0.45 0.7296875 0.05625 0.065625
4 0.7453125 0.740625 0.0328125 0.0515625
4 0.3875 0.740625 0.0375 0.0484375
4 0.325 0.740625 0.053125 0.0609375
4 0.51875 0.740625 0.05 0.0546875
4 0.653125 0.746875 0.03125 0.04375
4 0.6984375 0.7484375 0.0328125 0.040625
4 0.265625 0.753125 0.0515625 0.0421875
3 0.7484375 0.7890625 0.0390625 0.04375
3 0.5515625 0.79375 0.0578125 0.046875
3 0.665625 0.79375 0.04375 0.0453125
3 0.4390625 0.7953125 0.0546875 0.0625
3 0.7078125 0.7984375 0.0265625 0.025
3 0.4984375 0.8 0.034375 0.0359375
3 0.615625 0.8015625 0.0359375 0.034375
3 0.325 0.8046875 0.0625 0.0484375
3 0.3859375 0.8078125 0.0328125 0.0359375
3 0.2640625 0.8234375 0.0375 0.03125
0 0.7640625 0.8359375 0.0171875 0.04375
0 0.578125 0.8375 0.0390625 0.0390625
0 0.6953125 0.8390625 0.021875 0.0453125
0 0.7359375 0.8390625 0.01875 0.04375
0 0.653125 0.8421875 0.021875 0.040625
0 0.615625 0.84375 0.015625 0.040625
0 0.3859375 0.8453125 0.04375 0.0171875
0 0.4328125 0.85 0.028125 0.034375
0 0.5078125 0.85 0.065625 0.0265625
0 0.334375 0.8515625 0.0375 0.015625
0 0.3 0.859375 0.0125 0.0421875
0 0.26875 0.865625 0.01875 0.046875
0 0.7375 0.875 0.0578125 0.015625
0 0.653125 0.884375 0.0625 0.0109375
1 0.6734375 0.0921875 0.0421875 0.0515625
1 0.6109375 0.096875 0.0390625 0.0453125
1 0.3375 0.096875 0.053125 0.0515625
1 0.55 0.0984375 0.04375 0.05
3 0.2609375 0.0984375 0.053125 0.059375
1 0.4875 0.1078125 0.0359375 0.040625
1 0.421875 0.109375 0.0625 0.071875
3 0.7140625 0.1140625 0.0390625 0.040625
2 0.6328125 0.1453125 0.034375 0.0734375
1 0.471875 0.1640625 0.0296875 0.028125
1 0.3375 0.16875 0.0328125 0.0359375
3 0.2734375 0.175 0.0484375 0.04375
2 0.5390625 0.1765625 0.046875 0.071875
0 0.690625 0.1828125 0.0609375 0.059375
2 0.4296875 0.209375 0.0421875 0.0671875
4 0.340625 0.2171875 0.0484375 0.0453125
3 0.5890625 0.2296875 0.04375 0.0390625
3 0.590625 0.23125 0.0453125 0.0453125
0 0.4828125 0.2453125 0.021875 0.06875