1 0.2796875 0.665625 0.0609375 0.0515625
1 0.1421875 0.678125 0.0859375 0.071875
1 0.721875 0.684375 0.0796875 0.0609375
1 0.5109375 0.703125 0.0734375 0.0703125
1 0.3640625 0.7296875 0.08125 0.0609375
1 0.6046875 0.7375 0.05 0.04375
1 0.2640625 0.771875 0.0515625 0.0484375
1 0.1734375 0.775 0.0703125 0.0625
1 0.8359375 0.8 0.078125 0.109375
1 0.6828125 0.8046875 0.096875 0.084375
1 0.8296875 0.084375 0.0796875 0.0671875
1 0.546875 0.853125 0.0703125 0.0921875
1 0.371875 0.8609375 0.078125 0.084375
1 0.5203125 0.0875 0.071875 0.0484375
1 0.2 0.89375 0.0703125 0.0703125
1 0.625 0.0890625 0.0828125 0.0671875
1 0.790625 0.9265625 0.0828125 0.084375
1 0.6390625 0.93125 0.0703125 0.0625
1 0.45625 0.95625 0.059375 0.04375
1 0.28125 0.95625 0.0734375 0.0453125
1 0.4828125 0.14375 0.0609375 0.05625
1 0.715625 0.146875 0.0859375 0.0953125
1 0.3421875 0.1578125 0.0828125 0.084375
1 0.1921875 0.165625 0.1 0.0984375
1 0.8171875 0.19375 0.06875 0.05625
1 0.5578125 0.2046875 0.0640625 0.0625
1 0.403125 0.228125 0.0484375 0.0515625
1 0.6578125 0.2296875 0.06875 0.065625
1 0.2796875 0.2671875 0.0546875 0.078125
1 0.7609375 0.275 0.078125 0.0546875
1 0.225 0.3125 0.0359375 0.0671875
1 0.1484375 0.321875 0.0734375 0.0640625
1 0.4078125 0.325 0.090625 0.06875
1 0.8296875 0.3296875 0.0625 0.0625
1 0.68125 0.35 0.0796875 0.0671875
1 0.3078125 0.38125 0.040625 0.0515625
1 0.4984375 0.4015625 0.0546875 0.0578125
1 0.221875 0.409375 0.065625 0.0640625
1 0.5875 0.4234375 0.0625 0.0390625
1 0.128125 0.4484375 0.0578125 0.06875
1 0.353125 0.4484375 0.0796875 0.065625
1 0.7984375 0.453125 0.0828125 0.0453125
1 0.7015625 0.4703125 0.0453125 0.040625
1 0.4546875 0.4921875 0.05 0.078125
1 0.6203125 0.5125 0.0609375 0.06875
1 0.2546875 0.5296875 0.0796875 0.0625
1 0.3703125 0.559375 0.0578125 0.05
1 0.5171875 0.571875 0.0609375 0.0515625
1 0.746875 0.571875 0.05 0.05625
1 0.85 0.575 0.096875 0.0984375
1 0.175 0.5859375 0.0625 0.046875
1 0.63125 0.6046875 0.0671875 0.05
1 0.446875 0.621875 0.078125 0.059375