3 0.175 0.0609375 0.0578125 0.046875
3 0.253125 0.61875 0.0796875 0.084375
3 0.7953125 0.0640625 0.090625 0.0890625
3 0.75625 0.6546875 0.0609375 0.0390625
3 0.5625 0.7 0.0796875 0.0734375
3 0.4046875 0.7203125 0.128125 0.0921875
3 0.715625 0.7234375 0.0953125 0.08125
3 0.8078125 0.7234375 0.059375 0.0640625
3 0.2203125 0.7578125 0.10625 0.084375
3 0.7796875 0.8078125 0.0828125 0.06875
3 0.5484375 0.81875 0.1 0.1015625
3 0.41875 0.8234375 0.1171875 0.0875
3 0.6796875 0.83125 0.0734375 0.0875
3 0.2671875 0.878125 0.103125 0.0875
3 0.6703125 0.0875 0.078125 0.08125
3 0.5546875 0.0875 0.0890625 0.10625
3 0.70625 0.921875 0.090625 0.096875
3 0.5328125 0.9265625 0.0765625 0.084375
3 0.3921875 0.9296875 0.0578125 0.08125
3 0.625 0.94375 0.0671875 0.0703125
3 0.259375 0.96875 0.065625 0.05
3 0.4515625 0.1125 0.0578125 0.06875
3 0.3375 0.1171875 0.1078125 0.096875
3 0.2125 0.1390625 0.0796875 0.078125
3 0.76875 0.140625 0.05 0.05
3 0.63125 0.1609375 0.040625 0.0546875
3 0.24375 0.1953125 0.0640625 0.040625
3 0.3609375 0.2046875 0.059375 0.046875
3 0.759375 0.2078125 0.109375 0.0921875
3 0.1703125 0.221875 0.0390625 0.0453125
3 0.5015625 0.2375 0.1046875 0.0984375
3 0.6125 0.2375 0.0796875 0.065625
3 0.378125 0.2828125 0.0828125 0.09375
3 0.246875 0.2859375 0.10625 0.1140625
3 0.790625 0.3 0.078125 0.0734375
3 0.690625 0.3125 0.0890625 0.084375
3 0.6015625 0.3421875 0.0578125 0.0578125
3 0.5 0.346875 0.071875 0.1015625
3 0.7234375 0.0375 0.053125 0.04375
3 0.396875 0.3796875 0.0734375 0.08125
3 0.2609375 0.3953125 0.0953125 0.090625
3 0.746875 0.4140625 0.0390625 0.0484375
3 0.8296875 0.4140625 0.04375 0.053125
3 0.675 0.4203125 0.040625 0.0609375
3 0.6234375 0.0421875 0.0421875 0.04375
3 0.596875 0.4359375 0.05 0.0515625
3 0.5203125 0.4421875 0.0453125 0.05
3 0.428125 0.459375 0.0546875 0.0515625
3 0.2671875 0.484375 0.0421875 0.0578125
3 0.3625 0.484375 0.0390625 0.04375
3 0.2109375 0.5046875 0.0484375 0.0703125
3 0.6390625 0.509375 0.109375 0.0765625
3 0.3078125 0.51875 0.0359375 0.0390625
3 0.4125 0.51875 0.0421875 0.0453125
3 0.7578125 0.525 0.08125 0.0984375
3 0.4953125 0.5640625 0.0796875 0.0859375
3 0.38125 0.5984375 0.0640625 0.0640625
3 0.8375 0.6046875 0.0515625 0.078125
3 0.653125 0.6109375 0.071875 0.090625