0 0.6796875 0.0609375 0.05 0.08125
0 0.528125 0.6390625 0.0875 0.0828125
0 0.775 0.6515625 0.071875 0.071875
0 0.2421875 0.68125 0.0453125 0.0578125
0 0.309375 0.7265625 0.078125 0.0859375
0 0.8015625 0.7515625 0.0515625 0.09375
0 0.5078125 0.753125 0.0859375 0.0828125
0 0.6140625 0.821875 0.109375 0.0890625
0 0.3578125 0.8515625 0.0546875 0.08125
0 0.2453125 0.8640625 0.0828125 0.1609375
0 0.7515625 0.0859375 0.05625 0.128125
0 0.7671875 0.8859375 0.1828125 0.103125
0 0.475 0.9359375 0.2046875 0.059375
0 0.375 0.1109375 0.1015625 0.04375
0 0.2609375 0.125 0.0859375 0.0765625
0 0.159375 0.13125 0.0421875 0.1125
0 0.496875 0.1640625 0.078125 0.0828125
0 0.83125 0.171875 0.0421875 0.0890625
0 0.5921875 0.1921875 0.05 0.0859375
0 0.7015625 0.2203125 0.078125 0.0640625
0 0.3859375 0.2578125 0.109375 0.04375
0 0.25625 0.2671875 0.0578125 0.1046875
0 0.5359375 0.0265625 0.1015625 0.0375
0 0.7390625 0.28125 0.0875 0.05625
0 0.7453125 0.35 0.0984375 0.065625
0 0.1703125 0.3515625 0.04375 0.0875
0 0.590625 0.359375 0.0578125 0.103125
0 0.4515625 0.3640625 0.125 0.1109375
0 0.29375 0.3984375 0.0578125 0.103125
0 0.45625 0.459375 0.075 0.0671875
0 0.584375 0.4765625 0.1390625 0.0828125
0 0.246875 0.5296875 0.0453125 0.075
0 0.7625 0.534375 0.1125 0.103125
0 0.3265625 0.546875 0.0890625 0.1515625
0 0.646875 0.56875 0.0625 0.1328125
0 0.1703125 0.5765625 0.0546875 0.090625
0 0.415625 0.5828125 0.0734375 0.09375