3 0.8046875 0.615625 0.0875 0.078125
3 0.6734375 0.6203125 0.1 0.0796875
3 0.3171875 0.6296875 0.065625 0.078125
3 0.5484375 0.6359375 0.0984375 0.08125
3 0.4328125 0.640625 0.0640625 0.0609375
3 0.240625 0.6796875 0.05 0.046875
3 0.440625 0.6984375 0.0453125 0.0453125
3 0.5140625 0.7015625 0.03125 0.0421875
3 0.634375 0.7015625 0.0421875 0.046875
3 0.71875 0.7359375 0.090625 0.08125
3 0.371875 0.7359375 0.078125 0.0796875
3 0.559375 0.75 0.075 0.0796875
3 0.1984375 0.7546875 0.1015625 0.0890625
3 0.2921875 0.75625 0.046875 0.0390625
3 0.75625 0.8203125 0.0828125 0.0671875
3 0.3703125 0.834375 0.0796875 0.09375
3 0.259375 0.8375 0.0625 0.05625
3 0.6328125 0.8375 0.0828125 0.0734375
3 0.496875 0.84375 0.0828125 0.0734375
3 0.1609375 0.853125 0.0546875 0.0734375
3 0.2 0.084375 0.0359375 0.0453125
3 0.7546875 0.903125 0.0671875 0.078125
3 0.5671875 0.909375 0.065625 0.0671875
3 0.3546875 0.9328125 0.0875 0.0796875
3 0.1921875 0.9359375 0.078125 0.090625
3 0.6765625 0.946875 0.0625 0.0703125
3 0.4546875 0.953125 0.075 0.071875
3 0.2703125 0.1078125 0.09375 0.1046875
3 0.7578125 0.1078125 0.0703125 0.0921875
3 0.390625 0.109375 0.1046875 0.078125
3 0.534375 0.109375 0.078125 0.0703125
3 0.634375 0.11875 0.0625 0.0796875
3 0.15 0.1390625 0.0453125 0.0671875
3 0.8265625 0.1984375 0.0546875 0.0640625
3 0.4859375 0.2109375 0.096875 0.084375
3 0.721875 0.2359375 0.0984375 0.09375
3 0.365625 0.2484375 0.096875 0.09375
3 0.60625 0.253125 0.06875 0.0734375
3 0.234375 0.259375 0.0984375 0.0859375
3 0.4796875 0.328125 0.0765625 0.09375
3 0.775 0.3359375 0.0953125 0.0890625
3 0.371875 0.3375 0.0890625 0.0890625
3 0.6734375 0.3421875 0.078125 0.0703125
3 0.5796875 0.34375 0.0703125 0.04375
3 0.1765625 0.346875 0.0875 0.0796875
3 0.265625 0.346875 0.0625 0.065625
3 0.85 0.384375 0.0375 0.04375
3 0.690625 0.0390625 0.05625 0.0640625
3 0.6953125 0.4265625 0.053125 0.0546875
3 0.5421875 0.434375 0.0578125 0.0625
3 0.590625 0.04375 0.0640625 0.0484375
3 0.3953125 0.4359375 0.0578125 0.059375
3 0.315625 0.4515625 0.059375 0.0640625
3 0.63125 0.453125 0.071875 0.0703125
3 0.23125 0.4546875 0.0390625 0.0453125
3 0.1546875 0.459375 0.03125 0.053125
3 0.821875 0.459375 0.0703125 0.0546875
3 0.7390625 0.4734375 0.046875 0.0484375
3 0.45 0.48125 0.046875 0.0640625
3 0.346875 0.5125 0.0546875 0.0671875
3 0.625 0.5328125 0.065625 0.0578125
3 0.7765625 0.5328125 0.08125 0.059375
3 0.2390625 0.546875 0.071875 0.0828125
3 0.45 0.5625 0.065625 0.075