3 0.5953125 0.5046875 0.0578125 0.075
3 0.8796875 0.5046875 0.0640625 0.0609375
3 0.728125 0.50625 0.05 0.075
3 0.7984375 0.509375 0.046875 0.0515625
3 0.4421875 0.5109375 0.0625 0.0734375
3 0.6625 0.5125 0.0484375 0.046875
3 0.5265625 0.515625 0.04375 0.0515625
3 0.359375 0.5171875 0.0625 0.0625
3 0.2734375 0.51875 0.05625 0.075
3 0.1984375 0.525 0.06875 0.0671875
2 0.61875 0.603125 0.05 0.0703125
2 0.6984375 0.603125 0.04375 0.065625
2 0.8375 0.603125 0.0515625 0.075
2 0.771875 0.6046875 0.0546875 0.0765625
2 0.55 0.6109375 0.0515625 0.078125
2 0.4625 0.6109375 0.0453125 0.0875
2 0.375 0.6125 0.059375 0.0921875
2 0.2859375 0.615625 0.04375 0.0890625
2 0.2125 0.6234375 0.053125 0.0953125
0 0.8 0.6859375 0.0734375 0.05625
0 0.64375 0.6875 0.0609375 0.0703125
0 0.715625 0.6875 0.053125 0.0578125
0 0.3640625 0.7015625 0.053125 0.071875
0 0.5703125 0.70625 0.0515625 0.0734375
0 0.5015625 0.70625 0.0484375 0.078125
0 0.2953125 0.7203125 0.05625 0.0234375
0 0.2125 0.7234375 0.028125 0.0875
0 0.2421875 0.728125 0.0234375 0.0765625
0 0.290625 0.753125 0.0609375 0.0265625
1 0.653125 0.3203125 0.1078125 0.1078125
1 0.471875 0.325 0.078125 0.0875
1 0.85625 0.33125 0.0796875 0.090625
1 0.265625 0.33125 0.0828125 0.1
1 0.3984375 0.3390625 0.0546875 0.0671875
1 0.55 0.340625 0.0453125 0.0484375
1 0.340625 0.34375 0.0484375 0.0546875
1 0.7609375 0.3453125 0.05 0.059375
1 0.1671875 0.353125 0.0765625 0.0625
4 0.4890625 0.41875 0.0703125 0.0890625
4 0.4046875 0.421875 0.05 0.0828125
4 0.584375 0.421875 0.08125 0.0734375
4 0.7 0.421875 0.084375 0.078125
4 0.7921875 0.4265625 0.0828125 0.071875
4 0.3328125 0.4296875 0.059375 0.0828125
4 0.2578125 0.4296875 0.0515625 0.08125
4 0.8734375 0.4328125 0.05 0.0703125
4 0.1953125 0.4375 0.034375 0.0578125