2 0.4765625 0.303125 0.0546875 0.090625
2 0.6203125 0.309375 0.05 0.053125
2 0.5515625 0.3125 0.0515625 0.0734375
2 0.675 0.3140625 0.0421875 0.0703125
2 0.728125 0.3234375 0.04375 0.0609375
2 0.40625 0.328125 0.0375 0.0859375
2 0.3234375 0.340625 0.05 0.0828125
2 0.253125 0.3453125 0.0359375 0.0921875
2 0.6875 0.3734375 0.0421875 0.046875
2 0.621875 0.378125 0.04375 0.0625
2 0.559375 0.39375 0.0484375 0.0703125
2 0.490625 0.4 0.046875 0.0703125
2 0.425 0.4109375 0.0484375 0.0703125
2 0.3609375 0.415625 0.0453125 0.0625
2 0.2890625 0.41875 0.0375 0.0625
3 0.7234375 0.4484375 0.0640625 0.071875
3 0.6421875 0.465625 0.0703125 0.0640625
3 0.5671875 0.478125 0.05625 0.0671875
3 0.4953125 0.4890625 0.078125 0.0671875
3 0.3390625 0.5 0.0703125 0.065625
3 0.4125 0.503125 0.0578125 0.0609375
3 0.2671875 0.5234375 0.0515625 0.059375
3 0.5859375 0.5546875 0.0625 0.0515625
3 0.4671875 0.56875 0.0765625 0.05625
3 0.390625 0.584375 0.065625 0.0578125
3 0.284375 0.596875 0.0734375 0.0609375
0 0.540625 0.6734375 0.0390625 0.121875
0 0.7234375 0.675 0.0484375 0.0953125
0 0.665625 0.6796875 0.0515625 0.10625
0 0.60625 0.684375 0.03125 0.10625
0 0.4375 0.7046875 0.0625 0.1359375
0 0.3234375 0.7078125 0.1 0.1203125
0 0.696875 0.8109375 0.1453125 0.0703125
1 0.6359375 0.1453125 0.0734375 0.0671875
1 0.396875 0.146875 0.0625 0.0546875
1 0.48125 0.1484375 0.078125 0.078125
1 0.3234375 0.15 0.0578125 0.0703125
1 0.265625 0.153125 0.053125 0.046875
1 0.5546875 0.159375 0.0703125 0.04375
1 0.7015625 0.1640625 0.05 0.03125
1 0.7390625 0.196875 0.0359375 0.0375
1 0.625 0.2234375 0.0328125 0.05
1 0.4203125 0.2234375 0.078125 0.0640625
1 0.5546875 0.2265625 0.075 0.06875
1 0.68125 0.228125 0.075 0.075
1 0.4875 0.2328125 0.0390625 0.0265625
1 0.2796875 0.234375 0.0640625 0.065625
1 0.346875 0.24375 0.0328125 0.034375
1 0.7390625 0.2546875 0.0328125 0.0421875