3 0.753125 0.4859375 0.0625 0.0515625
4 0.853125 0.5046875 0.05625 0.071875
1 0.5703125 0.584375 0.046875 0.071875
0 0.63125 0.5859375 0.08125 0.028125
4 0.690625 0.5859375 0.0359375 0.0453125
3 0.7625 0.6015625 0.0578125 0.0546875
1 0.4234375 0.675 0.0796875 0.0796875
0 0.3203125 0.6765625 0.121875 0.0375
3 0.209375 0.6859375 0.0984375 0.1140625
0 0.334375 0.2921875 0.04375 0.021875
4 0.365625 0.29375 0.028125 0.0421875
1 0.2875 0.296875 0.0515625 0.046875
4 0.71875 0.3265625 0.04375 0.0390625
0 0.6734375 0.328125 0.046875 0.01875
1 0.6328125 0.33125 0.0359375 0.053125
1 0.8734375 0.3625 0.053125 0.0484375
1 0.7859375 0.409375 0.0578125 0.0609375
0 0.71875 0.4125 0.06875 0.0359375
3 0.653125 0.4171875 0.0609375 0.078125
0 0.86875 0.425 0.01875 0.0859375
0 0.353125 0.4625 0.209375 0.0375
3 0.521875 0.4625 0.128125 0.121875
1 0.196875 0.4640625 0.1234375 0.121875