0 0.2359375 0.4796875 0.0515625 0.0390625
1 0.390625 0.48125 0.0484375 0.0671875
2 0.2921875 0.484375 0.0484375 0.040625
1 0.3390625 0.490625 0.0265625 0.0359375
1 0.66875 0.5171875 0.065625 0.0671875
4 0.5125 0.5234375 0.059375 0.034375
3 0.734375 0.525 0.0515625 0.053125
1 0.340625 0.53125 0.0359375 0.0484375
1 0.38125 0.5328125 0.0265625 0.0265625
4 0.4421875 0.534375 0.046875 0.05
2 0.590625 0.5359375 0.0671875 0.0484375
2 0.29375 0.5390625 0.040625 0.0375
4 0.8078125 0.546875 0.0765625 0.0640625
0 0.23125 0.5546875 0.0515625 0.078125
1 0.4703125 0.5625 0 0.0015625
1 0.3375 0.571875 0.025 0.025
3 0.73125 0.571875 0.0421875 0.0328125
1 0.6671875 0.578125 0.04375 0.0421875
4 0.5125 0.5796875 0.05625 0.05625
1 0.3890625 0.5796875 0.0421875 0.059375
2 0.2921875 0.5921875 0.0375 0.0375
2 0.590625 0.596875 0.0625 0.05
4 0.4359375 0.60625 0.0390625 0.046875
1 0.34375 0.609375 0.034375 0.04375
0 0.234375 0.6109375 0.075 0.0171875
1 0.6703125 0.6203125 0.05 0.04375
1 0.3828125 0.6296875 0.0375 0.0328125
4 0.796875 0.6328125 0.0609375 0.0546875
3 0.7328125 0.6359375 0.046875 0.0484375
0 0.215625 0.6390625 0.0921875 0.0234375
2 0.2953125 0.6484375 0.0515625 0.040625
1 0.3359375 0.653125 0.0234375 0.025
4 0.509375 0.6546875 0.071875 0.0625
2 0.5953125 0.6578125 0.0546875 0.053125
4 0.4375 0.6625 0.0390625 0.0515625
1 0.671875 0.665625 0.05 0.05
1 0.3859375 0.68125 0.05 0.053125
3 0.740625 0.6890625 0.0625 0.0453125
0 0.1734375 0.69375 0.0234375 0.065625
0 0.2 0.69375 0.021875 0.0703125
0 0.2203125 0.69375 0.015625 0.078125
0 0.246875 0.6953125 0.0125 0.0765625
1 0.3375 0.6984375 0.0375 0.034375
2 0.628125 0.7015625 0.034375 0.0421875
4 0.8109375 0.70625 0.084375 0.059375
1 0.6671875 0.70625 0.03125 0.0296875
2 0.29375 0.7078125 0.0484375 0.0328125
4 0.50625 0.7203125 0.0625 0.0421875
4 0.4390625 0.725 0.0421875 0.0359375
2 0.5921875 0.7265625 0.059375 0.0453125
1 0.36875 0.7265625 0.01875 0.028125
1 0.3390625 0.7296875 0.021875 0.028125
3 0.7328125 0.7359375 0.0375 0.0484375
4 0.821875 0.2703125 0.05 0.04375
1 0.675 0.746875 0.0546875 0.053125
4 0.7953125 0.759375 0.0578125 0.0359375
2 0.59375 0.2765625 0.08125 0.05
1 0.6609375 0.2765625 0.046875 0.0484375
4 0.5125 0.2796875 0.0625 0.046875
3 0.7375 0.28125 0.0703125 0.0625
2 0.29375 0.2859375 0.0453125 0.0328125
4 0.4375 0.29375 0.059375 0.0453125
1 0.3390625 0.303125 0.04375 0.05
0 0.2390625 0.3046875 0.046875 0.04375
1 0.3875 0.3046875 0.0484375 0.05
2 0.6 0.321875 0.078125 0.03125
4 0.815625 0.3265625 0.08125 0.0453125
2 0.29375 0.3296875 0.0421875 0.0296875
1 0.6671875 0.33125 0.05625 0.046875
4 0.515625 0.346875 0.078125 0.053125
0 0.246875 0.3515625 0.0484375 0.0234375
4 0.4421875 0.3546875 0.0546875 0.046875
3 0.7296875 0.35625 0.071875 0.0578125
1 0.3421875 0.3640625 0.046875 0.0484375
1 0.3921875 0.3671875 0.04375 0.053125
2 0.596875 0.3671875 0.065625 0.0359375
1 0.659375 0.371875 0.0296875 0.0234375
2 0.290625 0.38125 0.0421875 0.04375
0 0.240625 0.38125 0.059375 0.021875
4 0.8078125 0.390625 0.0515625 0.0421875
1 0.3390625 0.403125 0.0234375 0.0328125
4 0.4453125 0.4078125 0.0578125 0.040625
4 0.50625 0.4109375 0.0421875 0.0375
2 0.59375 0.41875 0.075 0.0546875
1 0.3828125 0.4234375 0.025 0.0296875
1 0.6609375 0.4234375 0.0578125 0.05625
3 0.7234375 0.425 0.0546875 0.053125
4 0.821875 0.43125 0.0453125 0.04375
0 0.240625 0.43125 0.05 0.05625
2 0.29375 0.4375 0.0515625 0.0390625
1 0.3421875 0.4515625 0.04375 0.053125
1 0.6546875 0.4671875 0.0265625 0.021875
4 0.4390625 0.4703125 0.0484375 0.0421875
4 0.515625 0.471875 0.0796875 0.05625
4 0.8078125 0.475 0.0703125 0.05625
3 0.728125 0.4765625 0.040625 0.0328125
2 0.590625 0.478125 0.065625 0.0484375