0 0.575 0.059375 0.0765625 0.0828125
0 0.8140625 0.5984375 0.059375 0.0796875
0 0.7390625 0.60625 0.046875 0.0609375
0 0.4609375 0.646875 0.040625 0.06875
0 0.6671875 0.65 0.1046875 0.09375
0 0.5265625 0.6890625 0.06875 0.125
0 0.396875 0.6984375 0.0984375 0.1296875
0 0.178125 0.721875 0.0953125 0.1734375
0 0.3 0.7296875 0.059375 0.1328125
0 0.6890625 0.7390625 0.0578125 0.0796875
0 0.7890625 0.7671875 0.0609375 0.1625
0 0.41875 0.828125 0.0984375 0.115625
0 0.578125 0.8296875 0.14375 0.109375
0 0.234375 0.8578125 0.1640625 0.0515625
0 0.6875 0.0890625 0.115625 0.125
0 0.7984375 0.9203125 0.109375 0.075
0 0.6484375 0.9328125 0.128125 0.084375
0 0.5421875 0.940625 0.115625 0.103125
0 0.4453125 0.9484375 0.0625 0.0890625
0 0.41875 0.10625 0.08125 0.1359375
0 0.76875 0.1140625 0.046875 0.146875
0 0.303125 0.1203125 0.090625 0.11875
0 0.5234375 0.1265625 0.1171875 0.0703125
0 0.2046875 0.1296875 0.090625 0.14375
0 0.640625 0.1796875 0.0734375 0.04375
0 0.8296875 0.19375 0.08125 0.053125
0 0.7140625 0.1984375 0.034375 0.065625
0 0.3859375 0.2 0.0828125 0.040625
0 0.5609375 0.246875 0.071875 0.0953125
0 0.4765625 0.253125 0.0578125 0.115625
0 0.246875 0.2671875 0.0859375 0.10625
0 0.171875 0.278125 0.065625 0.128125
0 0.36875 0.278125 0.05 0.090625
0 0.671875 0.2828125 0.0625 0.096875
0 0.7671875 0.2828125 0.09375 0.0953125
0 0.5875 0.30625 0.059375 0.0609375
0 0.4484375 0.3875 0.11875 0.1171875
0 0.8515625 0.3890625 0.0390625 0.10625
0 0.325 0.396875 0.0734375 0.1078125
0 0.2140625 0.403125 0.0671875 0.0703125
0 0.565625 0.4140625 0.0421875 0.096875
0 0.7234375 0.425 0.125 0.1109375
0 0.4984375 0.440625 0.06875 0.0859375
0 0.828125 0.484375 0.0703125 0.1046875
0 0.73125 0.50625 0.0703125 0.0984375
0 0.24375 0.5265625 0.0671875 0.1421875
0 0.4921875 0.534375 0.0515625 0.090625
0 0.6109375 0.5375 0.0703125 0.125
0 0.3796875 0.5375 0.1 0.109375