0 0.70625 0.5765625 0.0453125 0.08125
0 0.7859375 0.5953125 0.0828125 0.134375
0 0.4734375 0.6140625 0.1078125 0.0515625
0 0.875 0.6203125 0.0640625 0.10625
0 0.6390625 0.6203125 0.053125 0.1140625
0 0.3234375 0.63125 0.0765625 0.0828125
0 0.171875 0.6359375 0.059375 0.075
0 0.66875 0.0671875 0.071875 0.1171875
0 0.44375 0.0703125 0.08125 0.134375
0 0.7125 0.709375 0.0609375 0.071875
0 0.490625 0.7125 0.0765625 0.0890625
0 0.3921875 0.7140625 0.0875 0.1234375
0 0.2234375 0.7171875 0.06875 0.14375
0 0.578125 0.75 0.096875 0.0734375
0 0.775 0.7625 0.071875 0.0859375
0 0.778125 0.0796875 0.053125 0.0796875
0 0.3328125 0.8265625 0.29375 0.053125
0 0.2625 0.0859375 0.05625 0.134375
0 0.8140625 0.8703125 0.065625 0.0859375
0 0.5703125 0.0859375 0.0875 0.0953125
0 0.7 0.8890625 0.0828125 0.13125
0 0.3734375 0.9015625 0.2375 0.078125
0 0.1453125 0.95 0.034375 0.0828125
0 0.515625 0.95625 0.1921875 0.078125
0 0.3453125 0.10625 0.115625 0.103125
0 0.165625 0.1125 0.0765625 0.1375
0 0.834375 0.1796875 0.103125 0.0453125
0 0.7234375 0.190625 0.0703125 0.08125
0 0.6328125 0.196875 0.040625 0.0984375
0 0.4296875 0.2046875 0.0578125 0.1171875
0 0.5265625 0.225 0.0828125 0.10625
0 0.178125 0.2578125 0.065625 0.125
0 0.315625 0.2640625 0.084375 0.134375
0 0.6 0.3109375 0.1125 0.059375
0 0.39375 0.3171875 0.0703125 0.0453125
0 0.84375 0.3234375 0.128125 0.0453125
0 0.7203125 0.328125 0.0640625 0.090625
0 0.4875 0.3546875 0.05625 0.09375
0 0.3875 0.39375 0.065625 0.071875
0 0.275 0.396875 0.0890625 0.04375
0 0.1453125 0.4140625 0.0390625 0.103125
0 0.6328125 0.4171875 0.0765625 0.0953125
0 0.753125 0.4484375 0.0734375 0.11875
0 0.415625 0.45625 0.06875 0.0578125
0 0.5375 0.490625 0.0796875 0.0953125
0 0.4265625 0.5203125 0.1046875 0.0703125
0 0.1875 0.525 0.0703125 0.1234375
0 0.2984375 0.5359375 0.065625 0.109375