4 0.2734375 0.290625 0.0515625 0.0546875
4 0.3578125 0.3046875 0.053125 0.0890625
4 0.4453125 0.3140625 0.05 0.0578125
4 0.525 0.315625 0.0546875 0.075
4 0.6015625 0.3234375 0.059375 0.059375
4 0.6953125 0.328125 0.065625 0.0640625
4 0.7625 0.3359375 0.0359375 0.0515625
1 0.46875 0.3859375 0.071875 0.0671875
1 0.3203125 0.3875 0.0515625 0.059375
1 0.6359375 0.3890625 0.065625 0.053125
1 0.5796875 0.390625 0.05 0.04375
1 0.2578125 0.3984375 0.040625 0.046875
1 0.521875 0.4 0.0359375 0.0375
1 0.384375 0.4015625 0.0375 0.0328125
1 0.7546875 0.4046875 0.05 0.0515625
1 0.696875 0.4078125 0.034375 0.0375
1 0.68125 0.4515625 0.05 0.05
1 0.5734375 0.4515625 0.059375 0.05
1 0.4484375 0.4546875 0.0578125 0.0625
1 0.7671875 0.4578125 0.025 0.03125
1 0.728125 0.4578125 0.03125 0.0421875
1 0.5078125 0.465625 0.0296875 0.0296875
1 0.325 0.4671875 0.0609375 0.0578125
1 0.63125 0.4671875 0.0296875 0.0296875
1 0.384375 0.471875 0.028125 0.0296875
1 0.2515625 0.4859375 0.0359375 0.0390625
3 0.7546875 0.5234375 0.0515625 0.0625
3 0.6203125 0.5234375 0.078125 0.075
3 0.540625 0.528125 0.053125 0.0546875
3 0.6890625 0.53125 0.046875 0.046875
3 0.4640625 0.534375 0.071875 0.0640625
3 0.3421875 0.5484375 0.06875 0.0765625
3 0.3953125 0.553125 0.0375 0.0375
3 0.271875 0.565625 0.0625 0.0640625
3 0.7328125 0.590625 0.0640625 0.059375
3 0.6578125 0.590625 0.0421875 0.0484375
3 0.6015625 0.5921875 0.046875 0.0515625
3 0.4625 0.5984375 0.0578125 0.0609375
3 0.525 0.6 0.05 0.0484375
3 0.4015625 0.6125 0.046875 0.0453125
3 0.3328125 0.6203125 0.059375 0.05625
3 0.2671875 0.6328125 0.040625 0.0453125
2 0.625 0.671875 0.0359375 0.075
2 0.7015625 0.675 0.0375 0.065625
2 0.5515625 0.6796875 0.0515625 0.084375
2 0.475 0.6796875 0.040625 0.0765625
2 0.759375 0.68125 0.0328125 0.0515625
2 0.33125 0.69375 0.040625 0.0578125
2 0.26875 0.696875 0.040625 0.0546875
2 0.396875 0.7 0.0578125 0.075
2 0.6046875 0.7421875 0.0359375 0.0765625
2 0.6703125 0.75 0.0390625 0.084375
2 0.734375 0.7546875 0.0625 0.078125
2 0.54375 0.7640625 0.034375 0.0671875
2 0.471875 0.7640625 0.05 0.0734375
2 0.4046875 0.7671875 0.0421875 0.0609375
2 0.2609375 0.7671875 0.0421875 0.0734375
2 0.33125 0.771875 0.03125 0.0765625
0 0.5703125 0.8390625 0.0234375 0.071875
0 0.51875 0.84375 0.0625 0.0625
0 0.684375 0.8453125 0.075 0.0578125
0 0.4140625 0.8453125 0.0328125 0.06875
0 0.7640625 0.8484375 0.0328125 0.0765625
0 0.4609375 0.8484375 0.0484375 0.05625
0 0.3609375 0.8484375 0.05 0.0578125
0 0.6078125 0.85 0.0421875 0.0578125
0 0.2609375 0.85 0.046875 0.0546875
0 0.3078125 0.853125 0.034375 0.0703125
0 0.6578125 0.896875 0.046875 0.05
0 0.36875 0.9078125 0.05 0.059375
0 0.609375 0.9109375 0.0375 0.0609375
0 0.559375 0.9171875 0.046875 0.0625
0 0.2890625 0.9171875 0.040625 0.0625
0 0.44375 0.91875 0.034375 0.0828125
0 0.5140625 0.9203125 0.05625 0.0671875
4 0.284375 0.2140625 0.053125 0.065625
4 0.3546875 0.21875 0.0625 0.0640625
4 0.671875 0.2328125 0.0703125 0.065625
4 0.50625 0.2328125 0.0625 0.08125
4 0.59375 0.2328125 0.0640625 0.075
4 0.425 0.2328125 0.05 0.0625
4 0.7296875 0.246875 0.04375 0.053125