4 0.58125 0.7140625 0.04375 0.0421875
4 0.7828125 0.7328125 0.059375 0.0765625
4 0.340625 0.734375 0.06875 0.0875
4 0.5046875 0.734375 0.06875 0.0875
4 0.6484375 0.7375 0.0609375 0.0875
4 0.8734375 0.7390625 0.053125 0.0734375
4 0.2625 0.80625 0.0359375 0.0578125
4 0.3234375 0.8390625 0.05 0.0640625
4 0.6203125 0.840625 0.0515625 0.084375
4 0.9046875 0.846875 0.0640625 0.0640625
4 0.18125 0.85 0.0953125 0.1078125
4 0.5375 0.85625 0.0640625 0.0859375
4 0.4265625 0.859375 0.078125 0.0734375
4 0.8234375 0.8625 0.0515625 0.06875
4 0.7234375 0.8703125 0.0640625 0.090625
4 0.41875 0.9453125 0.0796875 0.0734375
4 0.0859375 0.9453125 0.05 0.075
4 0.5734375 0.9484375 0.078125 0.059375
4 0.8796875 0.95 0.0546875 0.05625
4 0.7140625 0.9515625 0.0734375 0.059375
4 0.8140625 0.953125 0.05625 0.059375
4 0.2890625 0.95625 0.071875 0.05625
4 0.1546875 0.103125 0.10625 0.0875
4 0.2703125 0.1125 0.06875 0.071875
4 0.503125 0.1125 0.03125 0.0421875
4 0.85 0.1140625 0.103125 0.0703125
4 0.425 0.1265625 0.090625 0.0828125
4 0.7484375 0.1359375 0.0765625 0.040625
4 0.615625 0.140625 0.0390625 0.0421875
4 0.1484375 0.1765625 0.04375 0.0375
4 0.553125 0.184375 0.078125 0.0875
4 0.26875 0.1859375 0.053125 0.0453125
4 0.4 0.2 0.0515625 0.0515625
4 0.0859375 0.21875 0.0546875 0.090625
4 0.2015625 0.221875 0.0671875 0.071875
4 0.459375 0.2625 0.0609375 0.071875
4 0.5609375 0.265625 0.0421875 0.0421875
4 0.1421875 0.275 0.034375 0.0421875
4 0.2625 0.2765625 0.0328125 0.04375
4 0.76875 0.315625 0.0375 0.034375
4 0.375 0.33125 0.0359375 0.0484375
4 0.653125 0.35 0.0515625 0.0375
4 0.3046875 0.353125 0.0546875 0.109375
4 0.14375 0.3546875 0.0609375 0.09375
4 0.4453125 0.359375 0.0734375 0.084375
4 0.5640625 0.36875 0.0640625 0.0953125
4 0.8265625 0.3703125 0.0734375 0.09375
4 0.7140625 0.375 0.0625 0.103125
4 0.7015625 0.0421875 0.0765625 0.08125
4 0.746875 0.4359375 0.040625 0.040625
4 0.56875 0.04375 0.0703125 0.078125
4 0.2921875 0.4453125 0.05 0.053125
4 0.8921875 0.446875 0.0609375 0.0578125
4 0.56875 0.453125 0.0453125 0.05
4 0.1578125 0.459375 0.0546875 0.040625
4 0.4890625 0.4859375 0.0734375 0.0859375
4 0.7046875 0.4890625 0.040625 0.05625
4 0.353125 0.49375 0.059375 0.0765625
4 0.234375 0.5 0.0703125 0.06875
4 0.6375 0.5109375 0.0546875 0.09375
4 0.0828125 0.5140625 0.059375 0.0828125
4 0.7734375 0.525 0.0546875 0.0859375
4 0.284375 0.590625 0.0625 0.059375
4 0.1796875 0.5921875 0.0640625 0.065625
4 0.1 0.6078125 0.046875 0.0609375
4 0.7453125 0.609375 0.0375 0.04375
4 0.4859375 0.609375 0.0625 0.06875
4 0.39375 0.6109375 0.0515625 0.0640625
4 0.5828125 0.6203125 0.0453125 0.075
4 0.690625 0.6328125 0.0484375 0.071875
4 0.7953125 0.6390625 0.040625 0.0765625
4 0.9 0.6515625 0.0515625 0.0515625
4 0.434375 0.6875 0.046875 0.0515625
4 0.2609375 0.69375 0.0453125 0.0484375
4 0.178125 0.7 0.065625 0.071875
4 0.7140625 0.7015625 0.0515625 0.046875