0 0.4578125 0.5265625 0.046875 0.084375
0 0.2515625 0.528125 0.1046875 0.1015625
0 0.346875 0.5421875 0.0953125 0.0640625
0 0.5734375 0.54375 0.0890625 0.1046875
0 0.65 0.5765625 0.0546875 0.090625
0 0.7078125 0.578125 0.05625 0.096875
0 0.76875 0.590625 0.0609375 0.0859375
0 0.4546875 0.6046875 0.0515625 0.0484375
0 0.56875 0.671875 0.103125 0.078125
0 0.3453125 0.678125 0.0796875 0.08125
0 0.2484375 0.6796875 0.0484375 0.0984375
0 0.459375 0.6828125 0.0484375 0.0875
0 0.665625 0.6828125 0.0609375 0.075
0 0.8015625 0.703125 0.0328125 0.0640625
0 0.7296875 0.7296875 0.0515625 0.08125
0 0.6203125 0.765625 0.075 0.046875
0 0.25625 0.79375 0.0390625 0.0953125
0 0.4546875 0.7984375 0.096875 0.08125
0 0.790625 0.8 0.034375 0.0609375
0 0.3515625 0.803125 0.0375 0.0734375
0 0.546875 0.828125 0.1046875 0.046875
0 0.665625 0.85 0.04375 0.0734375
0 0.73125 0.878125 0.0546875 0.1
0 0.40625 0.8984375 0.0921875 0.0375
0 0.3 0.909375 0.0671875 0.0546875
0 0.2078125 0.9125 0.06875 0.090625
0 0.2421875 0.09375 0.0671875 0.078125
0 0.509375 0.946875 0.0625 0.0703125
0 0.7140625 0.09375 0.1078125 0.08125
0 0.8046875 0.9546875 0.0390625 0.08125
0 0.5859375 0.9625 0.04375 0.0703125
0 0.321875 0.0984375 0.0625 0.0734375
0 0.428125 0.1046875 0.1109375 0.0765625
0 0.5265625 0.1890625 0.0390625 0.1046875
0 0.7453125 0.190625 0.0625 0.06875
0 0.4234375 0.196875 0.09375 0.08125
0 0.625 0.2015625 0.0984375 0.0984375
0 0.3046875 0.2109375 0.0734375 0.0921875
0 0.2046875 0.215625 0.071875 0.0859375
0 0.66875 0.2640625 0.06875 0.0484375
0 0.421875 0.2796875 0.0765625 0.040625
0 0.3171875 0.2875 0.071875 0.0546875
0 0.225 0.340625 0.0515625 0.109375
0 0.403125 0.3578125 0.0796875 0.0875
0 0.3 0.3609375 0.0625 0.08125
0 0.74375 0.3640625 0.08125 0.0765625
0 0.578125 0.3734375 0.0578125 0.0859375
0 0.4984375 0.3734375 0.059375 0.084375
0 0.6578125 0.3859375 0.046875 0.1125
0 0.7671875 0.4375 0.0953125 0.1171875