0 0.4703125 0.5953125 0.1734375 0.0796875
0 0.28125 0.5984375 0.153125 0.1734375
0 0.5 0.059375 0.08125 0.06875
0 0.1375 0.6078125 0.0859375 0.1578125
0 0.853125 0.6171875 0.1171875 0.1203125
0 0.70625 0.6234375 0.1484375 0.096875
0 0.5828125 0.7 0.0796875 0.0953125
0 0.83125 0.7703125 0.1375 0.0890625
0 0.2515625 0.775 0.1703125 0.090625
0 0.4640625 0.775 0.1 0.1484375
0 0.6421875 0.8109375 0.15625 0.1421875
0 0.353125 0.8421875 0.078125 0.1953125
0 0.74375 0.925 0.190625 0.0609375
0 0.2046875 0.9359375 0.0703125 0.1015625
0 0.559375 0.940625 0.11875 0.0484375
0 0.5859375 0.1453125 0.153125 0.065625
0 0.2484375 0.1515625 0.11875 0.0796875
0 0.7796875 0.159375 0.1671875 0.08125
0 0.3796875 0.165625 0.159375 0.075
0 0.128125 0.1796875 0.1109375 0.1265625
0 0.821875 0.2421875 0.1234375 0.0609375
0 0.6765625 0.2484375 0.11875 0.0609375
0 0.503125 0.253125 0.090625 0.090625
0 0.371875 0.2625 0.08125 0.0671875
0 0.2546875 0.2859375 0.0859375 0.0921875
0 0.115625 0.303125 0.0859375 0.115625
0 0.6625 0.3828125 0.1640625 0.128125
0 0.4953125 0.3859375 0.0953125 0.1296875
0 0.796875 0.3890625 0.1625 0.109375
0 0.4 0.4171875 0.0875 0.075
0 0.284375 0.4203125 0.1140625 0.1078125
0 0.846875 0.04375 0.125 0.0875
0 0.1515625 0.453125 0.1625 0.0765625
0 0.8046875 0.4984375 0.1625 0.0796875
0 0.6828125 0.5078125 0.1171875 0.1078125
0 0.571875 0.521875 0.084375 0.090625
0 0.6671875 0.053125 0.15625 0.0984375
0 0.18046875 0.05546875 0.1734375 0.1109375