1 0.9078125 0.459375 0.0953125 0.0859375
1 0.253125 0.5203125 0.096875 0.09375
1 0.0859375 0.521875 0.0671875 0.075
1 0.459375 0.525 0.103125 0.0890625
1 0.1625 0.5265625 0.0671875 0.08125
1 0.7578125 0.53125 0.0734375 0.0703125
1 0.371875 0.5328125 0.06875 0.0546875
1 0.6671875 0.5359375 0.0796875 0.0765625
1 0.5671875 0.5375 0.0734375 0.059375
1 0.871875 0.540625 0.0875 0.071875
3 0.6625 0.0546875 0.05 0.0375
2 0.1609375 0.6359375 0.0578125 0.0984375
2 0.340625 0.6375 0.0796875 0.09375
2 0.240625 0.6390625 0.05 0.0953125
2 0.5515625 0.6390625 0.0921875 0.090625
2 0.4421875 0.6390625 0.084375 0.103125
2 0.659375 0.6390625 0.0734375 0.103125
3 0.2265625 0.0640625 0.0765625 0.065625
2 0.9078125 0.64375 0.0765625 0.1
2 0.075 0.646875 0.0515625 0.1015625
2 0.7640625 0.653125 0.0765625 0.1140625
3 0.5078125 0.065625 0.0609375 0.059375
3 0.403125 0.0671875 0.0984375 0.1078125
2 0.3171875 0.725 0.06875 0.06875
2 0.2375 0.7265625 0.075 0.0734375
2 0.41875 0.7328125 0.05625 0.071875
2 0.1296875 0.734375 0.0796875 0.09375
2 0.4921875 0.7390625 0.05625 0.1109375
2 0.70625 0.740625 0.0734375 0.084375
2 0.6046875 0.7453125 0.0984375 0.1015625
2 0.8234375 0.7453125 0.0765625 0.0875
3 0.3171875 0.0734375 0.0609375 0.0578125
2 0.91875 0.753125 0.0734375 0.0953125
3 0.76875 0.0765625 0.0921875 0.0890625
3 0.91875 0.0796875 0.071875 0.0859375
3 0.1546875 0.08125 0.0671875 0.0609375
0 0.384375 0.8203125 0.0734375 0.1
0 0.2640625 0.8203125 0.08125 0.0859375
0 0.5296875 0.828125 0.08125 0.0546875
0 0.15 0.8421875 0.053125 0.1015625
0 0.63125 0.84375 0.0890625 0.08125
0 0.7625 0.853125 0.0890625 0.0859375
3 0.85 0.084375 0.0484375 0.0578125
0 0.9015625 0.86875 0.071875 0.103125
0 0.340625 0.9328125 0.0609375 0.1
0 0.2328125 0.9375 0.03125 0.0921875
0 0.496875 0.9453125 0.146875 0.0609375
0 0.1375 0.946875 0.11875 0.0796875
0 0.6359375 0.9484375 0.11875 0.0984375
3 0.6 0.09375 0.0671875 0.0546875
0 0.8671875 0.9609375 0.0796875 0.0765625
0 0.7640625 0.9625 0.0859375 0.06875
3 0.234375 0.140625 0.071875 0.0578125
3 0.1390625 0.15 0.0875 0.0765625
3 0.5015625 0.15 0.053125 0.0671875
3 0.578125 0.153125 0.0828125 0.0765625
3 0.3234375 0.1609375 0.0625 0.059375
3 0.66875 0.1625 0.0703125 0.071875
3 0.7546875 0.1640625 0.0828125 0.090625
3 0.415625 0.165625 0.0890625 0.0796875
3 0.840625 0.1671875 0.06875 0.0828125
3 0.9140625 0.1703125 0.0625 0.0734375
4 0.228125 0.23125 0.0765625 0.0734375
4 0.3328125 0.246875 0.05625 0.0625
4 0.7046875 0.2484375 0.05625 0.0765625
4 0.121875 0.253125 0.08125 0.075
4 0.528125 0.253125 0.0625 0.0734375
4 0.6171875 0.2546875 0.08125 0.075
4 0.9109375 0.25625 0.0625 0.0734375
4 0.4328125 0.25625 0.0578125 0.084375
4 0.815625 0.25625 0.0609375 0.08125
4 0.3453125 0.31875 0.0734375 0.075
4 0.509375 0.3265625 0.0671875 0.075
4 0.2484375 0.3296875 0.0625 0.0765625
4 0.1375 0.3328125 0.0625 0.0640625
4 0.59375 0.3328125 0.0734375 0.0609375
4 0.41875 0.3359375 0.0640625 0.065625
4 0.6875 0.3453125 0.08125 0.075
4 0.8734375 0.35 0.0625 0.0609375
4 0.7828125 0.353125 0.078125 0.0921875
1 0.190625 0.41875 0.0875 0.084375
1 0.3765625 0.428125 0.109375 0.0953125
1 0.475 0.434375 0.0765625 0.0765625
1 0.284375 0.4375 0.071875 0.0625
1 0.10625 0.4375 0.0625 0.0609375
1 0.578125 0.4375 0.09375 0.0921875
1 0.6984375 0.4390625 0.0671875 0.084375
1 0.809375 0.4515625 0.084375 0.08125