4 0.6734375 0.2796875 0.0921875 0.0953125
4 0.528125 0.2765625 0.0828125 0.0828125
4 0.871875 0.275 0.0578125 0.0453125
4 0.4390625 0.2703125 0.06875 0.0703125
4 0.315625 0.2515625 0.0859375 0.0875
4 0.1703125 0.246875 0.109375 0.0859375
4 0.7875 0.2296875 0.0671875 0.065625
4 0.4765625 0.1859375 0.040625 0.05
4 0.6359375 0.1828125 0.0671875 0.053125
4 0.3203125 0.1671875 0.05 0.05625
4 0.55 0.1359375 0.0875 0.1046875
4 0.7953125 0.1296875 0.059375 0.053125
4 0.634375 0.121875 0.0421875 0.05
4 0.39375 0.1 0.109375 0.1203125
4 0.703125 0.1 0.15 0.1578125
4 0.2078125 0.0859375 0.128125 0.1453125
4 0.1625 0.9078125 0.10625 0.115625
4 0.5734375 0.034375 0.0515625 0.059375
4 0.8 0.0296875 0.0625 0.05625
4 0.5984375 0.88125 0.059375 0.0890625
4 0.396875 0.8796875 0.0484375 0.1078125
4 0.4890625 0.875 0.10625 0.1390625
4 0.31875 0.8703125 0.075 0.15
4 0.8234375 0.859375 0.0515625 0.0828125
4 0.6875 0.85625 0.159375 0.1953125
4 0.540625 0.784375 0.0546875 0.0578125
4 0.1609375 0.771875 0.0828125 0.0984375
4 0.84375 0.76875 0.0984375 0.10625
4 0.2625 0.7546875 0.0671875 0.0609375
4 0.375 0.753125 0.0546875 0.0671875
4 0.6984375 0.728125 0.0890625 0.05625
4 0.5828125 0.7078125 0.040625 0.05
4 0.390625 0.6671875 0.05 0.0546875
4 0.1328125 0.6640625 0.0515625 0.065625
4 0.496875 0.6609375 0.1203125 0.1625
4 0.6578125 0.65 0.0578125 0.0640625
4 0.2875 0.6453125 0.1125 0.128125
4 0.775 0.6375 0.109375 0.10625
4 0.88125 0.621875 0.065625 0.08125
4 0.184375 0.59375 0.046875 0.0515625
4 0.6578125 0.565625 0.0484375 0.0578125
4 0.75 0.5546875 0.059375 0.0578125
4 0.5734375 0.5515625 0.0640625 0.053125
4 0.3 0.546875 0.053125 0.059375
4 0.434375 0.546875 0.0625 0.0515625
4 0.1640625 0.515625 0.0734375 0.0578125
4 0.3703125 0.5109375 0.0984375 0.0984375
4 0.490625 0.5078125 0.078125 0.115625
4 0.8359375 0.4703125 0.0890625 0.0921875
4 0.6671875 0.45625 0.0328125 0.0609375
4 0.5953125 0.4390625 0.08125 0.1203125
4 0.225 0.4375 0.0734375 0.0546875
4 0.5078125 0.4171875 0.05 0.0640625
4 0.7125 0.415625 0.0984375 0.1765625
4 0.8015625 0.4 0.0515625 0.05625
4 0.1453125 0.3921875 0.1203125 0.1421875
4 0.434375 0.3890625 0.059375 0.125
4 0.309375 0.3671875 0.084375 0.1015625
4 0.828125 0.3421875 0.090625 0.0828125