4 0.3796875 0.34375 0.053125 0.1078125
4 0.71875 0.3390625 0.0515625 0.0984375
4 0.6109375 0.3375 0.09375 0.0765625
4 0.4984375 0.33125 0.0640625 0.0890625
4 0.475 0.9328125 0.05 0.05625
4 0.26875 0.3 0.05 0.0546875
4 0.8 0.2828125 0.0390625 0.0671875
4 0.446875 0.275 0.025 0.053125
4 0.6640625 0.2640625 0.028125 0.046875
4 0.5453125 0.259375 0.05 0.046875
4 0.1875 0.25625 0.040625 0.05625
4 0.75625 0.925 0.0859375 0.065625
4 0.728125 0.228125 0.0640625 0.08125
4 0.4921875 0.215625 0.0546875 0.0890625
4 0.4109375 0.2140625 0.04375 0.053125
4 0.6046875 0.2078125 0.0578125 0.090625
4 0.5984375 0.9203125 0.0625 0.05
4 0.296875 0.1890625 0.125 0.178125
4 0.1875 0.1609375 0.053125 0.0546875
4 0.809375 0.153125 0.05 0.0546875
4 0.51875 0.128125 0.05 0.0515625
4 0.4296875 0.090625 0.075 0.08125
4 0.3171875 0.909375 0.065625 0.0703125
4 0.5984375 0.0875 0.065625 0.0734375
4 0.359375 0.0765625 0.0375 0.05
4 0.734375 0.0625 0.09375 0.1109375
4 0.196875 0.0578125 0.0546875 0.059375
4 0.5125 0.0484375 0.0546875 0.0734375
4 0.2703125 0.0453125 0.0578125 0.0421875
4 0.3921875 0.8890625 0.071875 0.08125
4 0.6625 0.8828125 0.0953125 0.1125
4 0.221875 0.878125 0.0546875 0.08125
4 0.525 0.859375 0.078125 0.08125
4 0.759375 0.840625 0.071875 0.065625
4 0.425 0.8203125 0.065625 0.065625
4 0.3328125 0.8109375 0.0453125 0.059375
4 0.5546875 0.790625 0.040625 0.06875
4 0.2453125 0.771875 0.0671875 0.1
4 0.7796875 0.7671875 0.0625 0.0703125
4 0.7 0.7625 0.0609375 0.071875
4 0.3859375 0.75625 0.08125 0.0796875
4 0.4765625 0.7453125 0.0609375 0.06875
4 0.5765625 0.7171875 0.0765625 0.084375
4 0.6859375 0.6796875 0.0703125 0.071875
4 0.3546875 0.671875 0.0390625 0.0484375
4 0.521875 0.6453125 0.034375 0.05
4 0.7828125 0.6390625 0.0578125 0.071875
4 0.275 0.6328125 0.0890625 0.0765625
4 0.4328125 0.609375 0.1515625 0.1828125
4 0.55625 0.5953125 0.0375 0.0625
4 0.6953125 0.5890625 0.05625 0.0703125
4 0.6125 0.5875 0.0765625 0.0921875
4 0.3265625 0.5703125 0.040625 0.0421875
4 0.75625 0.525 0.0765625 0.1
4 0.228125 0.496875 0.075 0.0734375
4 0.440625 0.490625 0.0546875 0.0484375
4 0.3203125 0.48125 0.0640625 0.046875
4 0.5359375 0.471875 0.04375 0.0546875
4 0.640625 0.4671875 0.071875 0.0578125
4 0.7125 0.43125 0.040625 0.0515625
4 0.1875 0.4234375 0.046875 0.046875
4 0.4546875 0.390625 0.053125 0.0453125
4 0.3078125 0.384375 0.065625 0.059375
4 0.796875 0.3765625 0.0578125 0.046875
4 0.2109375 0.3609375 0.0703125 0.090625