4 0.6203125 0.65625 0.053125 0.1078125
4 0.28125 0.6609375 0.0515625 0.0984375
4 0.3890625 0.6625 0.09375 0.0765625
4 0.5015625 0.66875 0.0640625 0.0890625
4 0.525 0.0671875 0.05 0.05625
4 0.73125 0.7 0.05 0.0546875
4 0.2 0.7171875 0.0390625 0.0671875
4 0.553125 0.725 0.025 0.053125
4 0.3359375 0.7359375 0.028125 0.046875
4 0.4546875 0.740625 0.05 0.046875
4 0.8125 0.74375 0.040625 0.05625
4 0.24375 0.075 0.0859375 0.065625
4 0.271875 0.771875 0.0640625 0.08125
4 0.5078125 0.784375 0.0546875 0.0890625
4 0.5890625 0.7859375 0.04375 0.053125
4 0.3953125 0.7921875 0.0578125 0.090625
4 0.4015625 0.0796875 0.0625 0.05
4 0.703125 0.8109375 0.125 0.178125
4 0.8125 0.8390625 0.053125 0.0546875
4 0.190625 0.846875 0.05 0.0546875
4 0.48125 0.871875 0.05 0.0515625
4 0.5703125 0.909375 0.075 0.08125
4 0.6828125 0.090625 0.065625 0.0703125
4 0.4015625 0.9125 0.065625 0.0734375
4 0.640625 0.9234375 0.0375 0.05
4 0.265625 0.9375 0.09375 0.1109375
4 0.803125 0.9421875 0.0546875 0.059375
4 0.4875 0.9515625 0.0546875 0.0734375
4 0.7296875 0.9546875 0.0578125 0.0421875
4 0.6078125 0.1109375 0.071875 0.08125
4 0.3375 0.1171875 0.0953125 0.1125
4 0.778125 0.121875 0.0546875 0.08125
4 0.475 0.140625 0.078125 0.08125
4 0.240625 0.159375 0.071875 0.065625
4 0.575 0.1796875 0.065625 0.065625
4 0.6671875 0.1890625 0.0453125 0.059375
4 0.4453125 0.209375 0.040625 0.06875
4 0.7546875 0.228125 0.0671875 0.1
4 0.2203125 0.2328125 0.0625 0.0703125
4 0.3 0.2375 0.0609375 0.071875
4 0.6140625 0.24375 0.08125 0.0796875
4 0.5234375 0.2546875 0.0609375 0.06875
4 0.4234375 0.2828125 0.0765625 0.084375
4 0.3140625 0.3203125 0.0703125 0.071875
4 0.6453125 0.328125 0.0390625 0.0484375
4 0.478125 0.3546875 0.034375 0.05
4 0.2171875 0.3609375 0.0578125 0.071875
4 0.725 0.3671875 0.0890625 0.0765625
4 0.5671875 0.390625 0.1515625 0.1828125
4 0.44375 0.4046875 0.0375 0.0625
4 0.3046875 0.4109375 0.05625 0.0703125
4 0.3875 0.4125 0.0765625 0.0921875
4 0.6734375 0.4296875 0.040625 0.0421875
4 0.24375 0.475 0.0765625 0.1
4 0.771875 0.503125 0.075 0.0734375
4 0.559375 0.509375 0.0546875 0.0484375
4 0.6796875 0.51875 0.0640625 0.046875
4 0.4640625 0.528125 0.04375 0.0546875
4 0.359375 0.5328125 0.071875 0.0578125
4 0.2875 0.56875 0.040625 0.0515625
4 0.8125 0.5765625 0.046875 0.046875
4 0.5453125 0.609375 0.053125 0.0453125
4 0.6921875 0.615625 0.065625 0.059375
4 0.203125 0.6234375 0.0578125 0.046875
4 0.7890625 0.6390625 0.0703125 0.090625