4 0.4015625 0.3046875 0.071875 0.103125
4 0.25625 0.3015625 0.0796875 0.10625
4 0.5609375 0.2984375 0.10625 0.1125
4 0.5640625 0.928125 0.0796875 0.1203125
4 0.675 0.2828125 0.078125 0.1140625
4 0.815625 0.2609375 0.04375 0.075
4 0.28125 0.925 0.078125 0.1296875
4 0.20625 0.9203125 0.0484375 0.0625
4 0.096875 0.1765625 0.0765625 0.1171875
4 0.3125 0.171875 0.0828125 0.109375
4 0.1953125 0.1703125 0.0875 0.11875
4 0.421875 0.1625 0.0859375 0.1140625
4 0.746875 0.1625 0.090625 0.1
4 0.6390625 0.14375 0.09375 0.1328125
4 0.4953125 0.1328125 0.0484375 0.0515625
4 0.1234375 0.9109375 0.084375 0.11875
4 0.73125 0.9109375 0.1 0.109375
4 0.121875 0.0703125 0.0578125 0.0609375
4 0.4796875 0.0625 0.0796875 0.0765625
4 0.3640625 0.059375 0.08125 0.075
4 0.2421875 0.05625 0.090625 0.0734375
4 0.615625 0.0375 0.053125 0.0671875
4 0.7375 0.034375 0.053125 0.053125
4 0.334375 0.8390625 0.046875 0.05625
4 0.490625 0.8390625 0.075 0.05625
4 0.19375 0.8359375 0.034375 0.059375
4 0.078125 0.8265625 0.05 0.065625
4 0.640625 0.8125 0.0890625 0.0640625
4 0.790625 0.8046875 0.1 0.04375
4 0.2875 0.76875 0.0609375 0.090625
4 0.1546875 0.753125 0.0828125 0.115625
4 0.1046875 0.75 0.046875 0.0578125
4 0.4328125 0.7484375 0.0765625 0.1234375
4 0.565625 0.7421875 0.0859375 0.10625
4 0.7171875 0.725 0.0859375 0.115625
4 0.2359375 0.6921875 0.05625 0.05625
4 0.3203125 0.6828125 0.06875 0.06875
4 0.5421875 0.665625 0.0703125 0.0765625
4 0.4515625 0.659375 0.05625 0.06875
4 0.340625 0.9640625 0.04375 0.05625
4 0.68125 0.628125 0.0671875 0.065625
4 0.0921875 0.621875 0.053125 0.0515625
4 0.2171875 0.6171875 0.046875 0.0640625
4 0.375 0.615625 0.0609375 0.0625
4 0.5109375 0.5953125 0.0625 0.0703125
4 0.3078125 0.5921875 0.1015625 0.1515625
4 0.1625 0.5890625 0.06875 0.1140625
4 0.6078125 0.584375 0.1140625 0.140625
4 0.459375 0.5765625 0.0921875 0.0953125
4 0.8 0.5703125 0.1 0.134375
4 0.490625 0.9546875 0.0390625 0.065625
4 0.496875 0.4609375 0.0390625 0.071875
4 0.8453125 0.9453125 0.075 0.053125
4 0.6640625 0.440625 0.034375 0.075
4 0.25625 0.4375 0.1 0.121875
4 0.121875 0.4375 0.08125 0.128125
4 0.5765625 0.434375 0.1 0.1203125
4 0.41875 0.434375 0.0875 0.1515625
4 0.765625 0.425 0.10625 0.1140625
4 0.4046875 0.9375 0.0578125 0.084375
4 0.1484375 0.3234375 0.046875 0.065625
4 0.7421875 0.3234375 0.0328125 0.0546875
4 0.078125 0.315625 0.04375 0.0875
4 0.646875 0.93125 0.05 0.0546875