1 0.2765625 0.5890625 0.065625 0.0796875
1 0.4640625 0.615625 0.0734375 0.0796875
1 0.55625 0.621875 0.08125 0.1
1 0.184375 0.6328125 0.059375 0.0515625
1 0.81875 0.6484375 0.0828125 0.0734375
1 0.7 0.6578125 0.08125 0.0734375
1 0.3609375 0.6640625 0.0859375 0.065625
1 0.83125 0.0703125 0.1375 0.1140625
1 0.2453125 0.7234375 0.0984375 0.0984375
1 0.5609375 0.7640625 0.08125 0.1
1 0.4234375 0.765625 0.0796875 0.1
1 0.6859375 0.7671875 0.1015625 0.1109375
1 0.8140625 0.7734375 0.0953125 0.1015625
1 0.1671875 0.7765625 0.046875 0.0515625
1 0.41875 0.83125 0.0421875 0.0484375
1 0.5125 0.8484375 0.053125 0.059375
1 0.175 0.8671875 0.0640625 0.05625
1 0.31875 0.8765625 0.134375 0.1234375
1 0.6109375 0.890625 0.1125 0.1296875
1 0.4484375 0.9015625 0.0859375 0.0890625
1 0.7796875 0.9171875 0.0671875 0.0921875
1 0.66875 0.0921875 0.13125 0.13125
1 0.36875 0.0921875 0.1171875 0.1171875
1 0.703125 0.9625 0.0703125 0.0703125
1 0.4640625 0.096875 0.0390625 0.0671875
1 0.203125 0.0984375 0.1046875 0.0953125
1 0.5375 0.128125 0.0671875 0.0578125
1 0.2734375 0.1484375 0.0328125 0.04375
1 0.340625 0.178125 0.0390625 0.034375
1 0.4109375 0.1875 0.0625 0.0484375
1 0.5015625 0.1890625 0.0640625 0.05
1 0.75625 0.190625 0.0859375 0.0625
1 0.5953125 0.203125 0.046875 0.059375
1 0.2015625 0.2078125 0.0734375 0.059375
1 0.44375 0.2484375 0.0453125 0.0515625
1 0.6640625 0.2640625 0.128125 0.13125
1 0.3140625 0.2671875 0.11875 0.1171875
1 0.80625 0.2703125 0.078125 0.0921875
1 0.1546875 0.2828125 0.06875 0.0734375
1 0.509375 0.284375 0.09375 0.0828125
1 0.4015625 0.3046875 0.034375 0.04375
1 0.228125 0.3546875 0.0546875 0.0625
1 0.36875 0.359375 0.0296875 0.0296875
1 0.3046875 0.3609375 0.0515625 0.0609375
1 0.4359375 0.3640625 0.0953125 0.0734375
1 0.565625 0.3734375 0.0421875 0.040625
1 0.6375 0.3765625 0.059375 0.0625
1 0.7359375 0.4046875 0.109375 0.071875
1 0.8484375 0.4171875 0.075 0.075
1 0.3515625 0.4234375 0.053125 0.0421875
1 0.5109375 0.4328125 0.0640625 0.0515625
1 0.6265625 0.4421875 0.0671875 0.05
1 0.1484375 0.459375 0.078125 0.059375
1 0.2703125 0.4734375 0.0734375 0.0703125
1 0.571875 0.5203125 0.059375 0.0546875
1 0.428125 0.528125 0.0921875 0.0828125
1 0.7375 0.5328125 0.040625 0.0625
1 0.328125 0.5359375 0.0625 0.0640625
1 0.8265625 0.540625 0.0484375 0.059375
1 0.1546875 0.55 0.08125 0.0828125
1 0.6546875 0.571875 0.0625 0.053125