2 0.596875 0.9359375 0.028125 0.053125
2 0.640625 0.91875 0.03125 0.071875
2 0.825 0.9125 0.0328125 0.090625
2 0.3953125 0.909375 0.025 0.071875
2 0.49375 0.909375 0.0421875 0.0734375
2 0.2796875 0.9078125 0.046875 0.0765625
2 0.446875 0.9078125 0.0421875 0.078125
2 0.6796875 0.9078125 0.021875 0.075
2 0.7125 0.90625 0.040625 0.084375
2 0.2015625 0.9046875 0.046875 0.0921875
2 0.55625 0.903125 0.034375 0.0625
2 0.34375 0.903125 0.0453125 0.0765625
2 0.6 0.871875 0.0203125 0.0453125
2 0.7734375 0.84375 0.0515625 0.078125
2 0.5671875 0.8296875 0.0421875 0.0765625
2 0.634375 0.8234375 0.0375 0.0671875
2 0.484375 0.81875 0.0609375 0.096875
2 0.3890625 0.8171875 0.059375 0.071875
2 0.69375 0.8171875 0.046875 0.071875
2 0.6078125 0.815625 0.01875 0.046875
2 0.2984375 0.809375 0.059375 0.0734375
2 0.1953125 0.8046875 0.0734375 0.096875
2 0.784375 0.775 0.03125 0.0375
2 0.3953125 0.7375 0.046875 0.090625
2 0.60625 0.7328125 0.0328125 0.0578125
2 0.5015625 0.7328125 0.0234375 0.04375
2 0.728125 0.73125 0.05625 0.09375
2 0.65 0.7171875 0.0546875 0.103125
2 0.5578125 0.7140625 0.05625 0.1015625
2 0.334375 0.7078125 0.05625 0.1140625
2 0.8078125 0.703125 0.046875 0.128125
2 0.4515625 0.703125 0.059375 0.1296875
2 0.203125 0.6953125 0.0828125 0.1125
2 0.378125 0.6484375 0.0421875 0.0765625
2 0.2671875 0.646875 0.0625 0.08125
2 0.578125 0.6421875 0.0390625 0.053125
2 0.6703125 0.63125 0.04375 0.0640625
2 0.7375 0.625 0.0453125 0.0875
2 0.3171875 0.6234375 0.040625 0.0484375
2 0.503125 0.6125 0.0515625 0.0953125
2 0.440625 0.60625 0.0359375 0.046875
2 0.5453125 0.5703125 0.0375 0.05625
2 0.390625 0.5578125 0.046875 0.0875