0 0.590625 0.7171875 0.0859375 0.0234375
2 0.2984375 0.703125 0.0328125 0.071875
3 0.7015625 0.7015625 0.040625 0.053125
3 0.396875 0.6984375 0.0546875 0.0484375
4 0.6359375 0.6625 0.046875 0.0640625
0 0.48125 0.6484375 0.028125 0.0734375
1 0.5453125 0.646875 0.046875 0.0515625
0 0.35 0.6421875 0.05 0.0265625
4 0.2421875 0.6265625 0.0359375 0.0453125
4 0.4359375 0.6 0.0328125 0.0515625
1 0.7125 0.596875 0.0578125 0.0671875
4 0.3234375 0.5875 0.0484375 0.0640625
0 0.55 0.571875 0.0328125 0.05625
4 0.61875 0.528125 0.0703125 0.0796875
1 0.7203125 0.515625 0.0453125 0.0484375
3 0.4453125 0.5125 0.0625 0.053125
0 0.3484375 0.5078125 0.0453125 0.0625
0 0.534375 0.478125 0.0453125 0.0484375
3 0.6390625 0.4484375 0.0484375 0.0453125
1 0.7234375 0.4453125 0.0640625 0.053125
3 0.275 0.421875 0.0703125 0.075
4 0.3890625 0.4125 0.0578125 0.0828125
1 0.5828125 0.4125 0.046875 0.046875
0 0.5 0.3875 0.0609375 0.0625
0 0.665625 0.365625 0.025 0.0609375
2 0.7125 0.3609375 0.028125 0.0359375
2 0.6421875 0.35625 0.01875 0.0390625
2 0.5984375 0.3515625 0.0328125 0.046875
2 0.5578125 0.3515625 0.028125 0.0484375
2 0.325 0.34375 0.0265625 0.0421875
2 0.5078125 0.3421875 0.021875 0.040625
2 0.2609375 0.340625 0.0328125 0.0484375
2 0.459375 0.3375 0.0234375 0.0484375
2 0.3671875 0.3375 0.028125 0.059375
2 0.41875 0.33125 0.0234375 0.05625
1 0.5359375 0.30625 0.040625 0.0359375
1 0.30625 0.3046875 0.0421875 0.0359375
4 0.59375 0.2765625 0.0796875 0.0890625
4 0.45 0.2703125 0.05625 0.065625
4 0.7453125 0.259375 0.0328125 0.0515625
4 0.3875 0.259375 0.0375 0.0484375
4 0.325 0.259375 0.053125 0.0609375
4 0.51875 0.259375 0.05 0.0546875
4 0.653125 0.253125 0.03125 0.04375
4 0.6984375 0.2515625 0.0328125 0.040625
4 0.265625 0.246875 0.0515625 0.0421875
3 0.7484375 0.2109375 0.0390625 0.04375
3 0.5515625 0.20625 0.0578125 0.046875
3 0.665625 0.20625 0.04375 0.0453125
3 0.4390625 0.2046875 0.0546875 0.0625
3 0.7078125 0.2015625 0.0265625 0.025
3 0.4984375 0.2 0.034375 0.0359375
3 0.615625 0.1984375 0.0359375 0.034375
3 0.325 0.1953125 0.0625 0.0484375
3 0.3859375 0.1921875 0.0328125 0.0359375
3 0.2640625 0.1765625 0.0375 0.03125
0 0.7640625 0.1640625 0.0171875 0.04375
0 0.578125 0.1625 0.0390625 0.0390625
0 0.6953125 0.1609375 0.021875 0.0453125
0 0.7359375 0.1609375 0.01875 0.04375
0 0.653125 0.1578125 0.021875 0.040625
0 0.615625 0.15625 0.015625 0.040625
0 0.3859375 0.1546875 0.04375 0.0171875
0 0.4328125 0.15 0.028125 0.034375
0 0.5078125 0.15 0.065625 0.0265625
0 0.334375 0.1484375 0.0375 0.015625
0 0.3 0.140625 0.0125 0.0421875
0 0.26875 0.134375 0.01875 0.046875
0 0.7375 0.125 0.0578125 0.015625
0 0.653125 0.115625 0.0625 0.0109375
1 0.6734375 0.9078125 0.0421875 0.0515625
1 0.6109375 0.903125 0.0390625 0.0453125
1 0.3375 0.903125 0.053125 0.0515625
1 0.55 0.9015625 0.04375 0.05
3 0.2609375 0.9015625 0.053125 0.059375
1 0.4875 0.8921875 0.0359375 0.040625
1 0.421875 0.890625 0.0625 0.071875
3 0.7140625 0.8859375 0.0390625 0.040625
2 0.6328125 0.8546875 0.034375 0.0734375
1 0.471875 0.8359375 0.0296875 0.028125
1 0.3375 0.83125 0.0328125 0.0359375
3 0.2734375 0.825 0.0484375 0.04375
2 0.5390625 0.8234375 0.046875 0.071875
0 0.690625 0.8171875 0.0609375 0.059375
2 0.4296875 0.790625 0.0421875 0.0671875
4 0.340625 0.7828125 0.0484375 0.0453125
3 0.5890625 0.7703125 0.04375 0.0390625
3 0.590625 0.76875 0.0453125 0.0453125
0 0.4828125 0.7546875 0.021875 0.06875