3 0.5375 0.265625 0.0390625 0.0328125
3 0.690625 0.2703125 0.0515625 0.05
3 0.634375 0.2765625 0.0359375 0.0265625
3 0.74375 0.2828125 0.034375 0.0421875
3 0.45 0.3 0.0375 0.0328125
3 0.2375 0.3109375 0.021875 0.0296875
3 0.2890625 0.3125 0.03125 0.025
3 0.340625 0.3125 0.040625 0.034375
3 0.3953125 0.315625 0.03125 0.03125
3 0.559375 0.3171875 0.0484375 0.0484375
3 0.4984375 0.31875 0.0296875 0.03125
3 0.678125 0.3296875 0.0578125 0.05
3 0.6171875 0.33125 0.0375 0.03125
3 0.7421875 0.3484375 0.0390625 0.0328125
4 0.328125 0.3578125 0.0375 0.034375
4 0.2671875 0.359375 0.0296875 0.0328125
4 0.378125 0.3640625 0.0359375 0.0375
4 0.425 0.3671875 0.028125 0.0359375
4 0.4890625 0.371875 0.0390625 0.046875
4 0.55 0.3734375 0.028125 0.0296875
4 0.609375 0.38125 0.0359375 0.034375
4 0.653125 0.3859375 0.0234375 0.0328125
4 0.696875 0.390625 0.0296875 0.0375
4 0.74375 0.4015625 0.0375 0.028125
4 0.2453125 0.4078125 0.0265625 0.0296875
4 0.3359375 0.4078125 0.0359375 0.0390625
4 0.2953125 0.4109375 0.0296875 0.034375
4 0.4140625 0.415625 0.0375 0.0359375
4 0.4875 0.4203125 0.0296875 0.028125
4 0.5640625 0.428125 0.028125 0.03125
4 0.6203125 0.434375 0.028125 0.025
4 0.6625 0.4390625 0.0421875 0.0328125
4 0.725 0.44375 0.0390625 0.034375
2 0.23125 0.4578125 0.0234375 0.04375
2 0.328125 0.4578125 0.028125 0.04375
2 0.3984375 0.459375 0.03125 0.0390625
2 0.275 0.459375 0.0328125 0.0484375
2 0.5171875 0.4609375 0.0328125 0.0421875
2 0.4671875 0.4625 0.0328125 0.046875
2 0.5796875 0.475 0.0203125 0.04375
2 0.6375 0.4859375 0.03125 0.0421875
2 0.6921875 0.49375 0.0296875 0.0390625
2 0.2375 0.5109375 0.034375 0.05
2 0.3390625 0.5140625 0.0375 0.059375
2 0.4015625 0.5171875 0.0328125 0.0515625
2 0.2828125 0.51875 0.0328125 0.046875
2 0.4546875 0.51875 0.0359375 0.05625
2 0.509375 0.521875 0.0296875 0.053125
2 0.5609375 0.5296875 0.0328125 0.05
2 0.6171875 0.5328125 0.0375 0.05
2 0.665625 0.5359375 0.028125 0.05
2 0.7109375 0.5390625 0.0375 0.040625
0 0.2953125 0.58125 0.01875 0.0609375
0 0.3890625 0.5859375 0.0265625 0.053125
0 0.5046875 0.5890625 0.0515625 0.0265625
0 0.434375 0.590625 0.0578125 0.0265625
0 0.55 0.59375 0.0203125 0.046875
0 0.7140625 0.59375 0.05625 0.04375
0 0.5953125 0.5953125 0.0359375 0.0578125
0 0.6484375 0.596875 0.028125 0.0421875
0 0.3484375 0.6015625 0.04375 0.040625
0 0.2515625 0.640625 0.0359375 0.046875
0 0.4109375 0.64375 0.071875 0.025
0 0.3203125 0.6484375 0.0734375 0.0359375
0 0.5046875 0.6578125 0.053125 0.0421875
0 0.6078125 0.6640625 0.0703125 0.0359375
0 0.7078125 0.68125 0.053125 0.0671875
0 0.4203125 0.7078125 0.040625 0.04375
0 0.4875 0.709375 0.0390625 0.0453125
0 0.5453125 0.7203125 0.03125 0.05
0 0.5921875 0.721875 0.0359375 0.0484375
1 0.434375 0.1453125 0.0296875 0.025
1 0.3125 0.1515625 0.0515625 0.04375
1 0.490625 0.159375 0.046875 0.0484375
1 0.384375 0.1609375 0.04375 0.0421875
1 0.24375 0.1640625 0.0328125 0.0171875
1 0.5921875 0.1671875 0.046875 0.04375
1 0.54375 0.1703125 0.028125 0.0265625
1 0.709375 0.175 0.0390625 0.05
1 0.6453125 0.175 0.0296875 0.0265625
1 0.7578125 0.1875 0.0328125 0.0328125
1 0.3078125 0.2015625 0.0453125 0.0484375
1 0.4125 0.203125 0.0484375 0.046875
1 0.2546875 0.203125 0.0296875 0.028125
1 0.3578125 0.2046875 0.03125 0.0234375
1 0.478125 0.2078125 0.0265625 0.028125
1 0.54375 0.2140625 0.0359375 0.040625
1 0.6 0.2140625 0.05 0.040625
1 0.6421875 0.2171875 0.025 0.0328125
1 0.684375 0.225 0.03125 0.04375
1 0.734375 0.234375 0.0390625 0.0234375
3 0.3953125 0.253125 0.028125 0.025
3 0.3328125 0.253125 0.05625 0.0484375
3 0.471875 0.2546875 0.0390625 0.04375
3 0.5828125 0.25625 0.025 0.0296875
3 0.2671875 0.2578125 0.046875 0.0640625