1 0.5515625 0.5171875 0.0359375 0.0359375
0 0.7640625 0.5046875 0.0609375 0.06875
2 0.38125 0.49375 0.08125 0.0515625
0 0.8484375 0.4875 0.08125 0.0328125
4 0.484375 0.4828125 0.0734375 0.0625
3 0.1390625 0.4828125 0.05625 0.0515625
0 0.68125 0.4734375 0.065625 0.053125
1 0.6078125 0.4640625 0.0234375 0.028125
2 0.2796875 0.4625 0.0859375 0.053125
1 0.553125 0.45 0.059375 0.078125
3 0.2015625 0.4390625 0.05625 0.0484375
0 0.759375 0.4296875 0.109375 0.03125
2 0.3765625 0.4171875 0.084375 0.040625
3 0.1296875 0.409375 0.0578125 0.04375
4 0.4734375 0.396875 0.078125 0.0625
0 0.8734375 0.39375 0.0625 0.0859375
1 0.6125 0.390625 0.0578125 0.0640625
1 0.540625 0.3828125 0.0421875 0.0328125
2 0.2890625 0.3765625 0.071875 0.046875
3 0.23125 0.740625 0.0546875 0.0609375
0 0.775 0.3609375 0.1015625 0.0359375
3 0.2015625 0.3578125 0.0796875 0.0625
0 0.675 0.3484375 0.0765625 0.0359375
2 0.3796875 0.328125 0.1 0.0703125
3 0.1203125 0.325 0.053125 0.0421875
1 0.596875 0.3234375 0.025 0.028125
1 0.5421875 0.321875 0.0671875 0.0640625
0 0.8578125 0.3203125 0.0765625 0.0359375
4 0.465625 0.3203125 0.0734375 0.05
4 0.4953125 0.7359375 0.0671875 0.059375
0 0.775 0.2890625 0.078125 0.1
0 0.6859375 0.278125 0.0609375 0.0578125
2 0.284375 0.2703125 0.09375 0.053125
3 0.1921875 0.2671875 0.0671875 0.0578125
2 0.4015625 0.7296875 0.0765625 0.05
1 0.59375 0.25625 0.053125 0.05625
4 0.4578125 0.2546875 0.06875 0.0421875
1 0.5328125 0.2515625 0.0546875 0.05
1 0.5796875 0.728125 0.0609375 0.0671875
2 0.371875 0.246875 0.0828125 0.05
2 0.30625 0.728125 0.071875 0.05
1 0.640625 0.7140625 0.0515625 0.0515625
3 0.153125 0.7 0.05625 0.040625
0 0.8359375 0.696875 0.14375 0.0421875
0 0.6984375 0.678125 0.028125 0.125
0 0.734375 0.6765625 0.0375 0.1265625
3 0.215625 0.6640625 0.059375 0.0421875
1 0.578125 0.659375 0.034375 0.0421875
4 0.4875 0.6546875 0.078125 0.0734375
2 0.4 0.653125 0.075 0.0453125
1 0.6375 0.6453125 0.05625 0.05625
2 0.2984375 0.6453125 0.078125 0.05625
0 0.853125 0.634375 0.0765625 0.075
3 0.146875 0.6296875 0.05625 0.0546875
1 0.6390625 0.765625 0.0390625 0.0296875
1 0.61875 0.5921875 0.025 0.034375
1 0.5671875 0.590625 0.065625 0.0734375
3 0.2234375 0.590625 0.05625 0.0515625
0 0.7390625 0.5796875 0.10625 0.0390625
4 0.4875 0.5734375 0.0671875 0.05
2 0.4015625 0.571875 0.0796875 0.0578125
0 0.8671875 0.5609375 0.0828125 0.075
2 0.2890625 0.5609375 0.0875 0.053125
3 0.1390625 0.55625 0.071875 0.0578125
1 0.6265625 0.525 0.0546875 0.065625
0 0.6859375 0.525 0.065625 0.0328125
3 0.20625 0.5234375 0.0640625 0.046875