1 0.4484375 0.4828125 0.0359375 0.0359375
0 0.2359375 0.4953125 0.0609375 0.06875
2 0.61875 0.50625 0.08125 0.0515625
0 0.1515625 0.5125 0.08125 0.0328125
4 0.515625 0.5171875 0.0734375 0.0625
3 0.8609375 0.5171875 0.05625 0.0515625
0 0.31875 0.5265625 0.065625 0.053125
1 0.3921875 0.5359375 0.0234375 0.028125
2 0.7203125 0.5375 0.0859375 0.053125
1 0.446875 0.55 0.059375 0.078125
3 0.7984375 0.5609375 0.05625 0.0484375
0 0.240625 0.5703125 0.109375 0.03125
2 0.6234375 0.5828125 0.084375 0.040625
3 0.8703125 0.590625 0.0578125 0.04375
4 0.5265625 0.603125 0.078125 0.0625
0 0.1265625 0.60625 0.0625 0.0859375
1 0.3875 0.609375 0.0578125 0.0640625
1 0.459375 0.6171875 0.0421875 0.0328125
2 0.7109375 0.6234375 0.071875 0.046875
3 0.76875 0.259375 0.0546875 0.0609375
0 0.225 0.6390625 0.1015625 0.0359375
3 0.7984375 0.6421875 0.0796875 0.0625
0 0.325 0.6515625 0.0765625 0.0359375
2 0.6203125 0.671875 0.1 0.0703125
3 0.8796875 0.675 0.053125 0.0421875
1 0.403125 0.6765625 0.025 0.028125
1 0.4578125 0.678125 0.0671875 0.0640625
0 0.1421875 0.6796875 0.0765625 0.0359375
4 0.534375 0.6796875 0.0734375 0.05
4 0.5046875 0.2640625 0.0671875 0.059375
0 0.225 0.7109375 0.078125 0.1
0 0.3140625 0.721875 0.0609375 0.0578125
2 0.715625 0.7296875 0.09375 0.053125
3 0.8078125 0.7328125 0.0671875 0.0578125
2 0.5984375 0.2703125 0.0765625 0.05
1 0.40625 0.74375 0.053125 0.05625
4 0.5421875 0.7453125 0.06875 0.0421875
1 0.4671875 0.7484375 0.0546875 0.05
1 0.4203125 0.271875 0.0609375 0.0671875
2 0.628125 0.753125 0.0828125 0.05
2 0.69375 0.271875 0.071875 0.05
1 0.359375 0.2859375 0.0515625 0.0515625
3 0.846875 0.3 0.05625 0.040625
0 0.1640625 0.303125 0.14375 0.0421875
0 0.3015625 0.321875 0.028125 0.125
0 0.265625 0.3234375 0.0375 0.1265625
3 0.784375 0.3359375 0.059375 0.0421875
1 0.421875 0.340625 0.034375 0.0421875
4 0.5125 0.3453125 0.078125 0.0734375
2 0.6 0.346875 0.075 0.0453125
1 0.3625 0.3546875 0.05625 0.05625
2 0.7015625 0.3546875 0.078125 0.05625
0 0.146875 0.365625 0.0765625 0.075
3 0.853125 0.3703125 0.05625 0.0546875
1 0.3609375 0.234375 0.0390625 0.0296875
1 0.38125 0.4078125 0.025 0.034375
1 0.4328125 0.409375 0.065625 0.0734375
3 0.7765625 0.409375 0.05625 0.0515625
0 0.2609375 0.4203125 0.10625 0.0390625
4 0.5125 0.4265625 0.0671875 0.05
2 0.5984375 0.428125 0.0796875 0.0578125
0 0.1328125 0.4390625 0.0828125 0.075
2 0.7109375 0.4390625 0.0875 0.053125
3 0.8609375 0.44375 0.071875 0.0578125
1 0.3734375 0.475 0.0546875 0.065625
0 0.3140625 0.475 0.065625 0.0328125
3 0.79375 0.4765625 0.0640625 0.046875