1 0.3296875 0.5765625 0.090625 0.090625
1 0.203125 0.5890625 0.0734375 0.0921875
1 0.7015625 0.590625 0.0765625 0.071875
1 0.609375 0.6375 0.05625 0.0453125
1 0.43125 0.6484375 0.0484375 0.04375
1 0.33125 0.6671875 0.04375 0.0515625
1 0.7859375 0.6796875 0.05625 0.0625
1 0.521875 0.6828125 0.0890625 0.09375
1 0.13125 0.690625 0.0703125 0.0890625
1 0.2515625 0.7078125 0.0734375 0.1
1 0.3953125 0.715625 0.0828125 0.08125
1 0.678125 0.7265625 0.0984375 0.1140625
1 0.85 0.7625 0.0859375 0.1015625
1 0.4828125 0.775 0.0546875 0.0421875
1 0.58125 0.78125 0.075 0.0609375
1 0.365625 0.784375 0.0609375 0.0546875
1 0.2515625 0.796875 0.0640625 0.0515625
1 0.446875 0.0796875 0.15625 0.1203125
1 0.8484375 0.834375 0.0484375 0.0390625
1 0.171875 0.8390625 0.109375 0.134375
1 0.4703125 0.85625 0.13125 0.1171875
1 0.3109375 0.859375 0.0953125 0.09375
1 0.7484375 0.878125 0.13125 0.11875
1 0.60625 0.878125 0.065625 0.065625
1 0.790625 0.0875 0.140625 0.1421875
1 0.8734375 0.896875 0.06875 0.08125
1 0.890625 0.0890625 0.0359375 0.0671875
1 0.2671875 0.090625 0.146875 0.165625
1 0.428125 0.9421875 0.065625 0.04375
1 0.3390625 0.9453125 0.08125 0.065625
1 0.146875 0.946875 0.078125 0.0484375
1 0.6375 0.096875 0.0703125 0.09375
1 0.7015625 0.1453125 0.034375 0.040625
1 0.759375 0.184375 0.0609375 0.046875
1 0.8328125 0.1875 0.034375 0.0453125
1 0.521875 0.1890625 0.0734375 0.05625
1 0.3546875 0.2015625 0.0671875 0.04375
1 0.6375 0.2109375 0.0640625 0.071875
1 0.225 0.225 0.053125 0.059375
1 0.44375 0.25 0.0625 0.0578125
1 0.8640625 0.2546875 0.0296875 0.0390625
1 0.325 0.2671875 0.0671875 0.059375
1 0.7421875 0.2703125 0.1234375 0.1171875
1 0.15625 0.275 0.065625 0.059375
1 0.58125 0.2859375 0.0578125 0.08125
1 0.828125 0.30625 0.0359375 0.04375
1 0.2609375 0.31875 0.0671875 0.071875
1 0.4078125 0.3265625 0.0578125 0.0921875
1 0.6609375 0.35 0.0515625 0.0671875
1 0.8 0.3578125 0.040625 0.0390625
1 0.7265625 0.3609375 0.065625 0.0484375
1 0.334375 0.365625 0.0640625 0.0828125
1 0.85625 0.3671875 0.06875 0.0734375
1 0.49375 0.371875 0.05625 0.0828125
1 0.3921875 0.4140625 0.08125 0.0703125
1 0.2453125 0.41875 0.1 0.0859375
1 0.7828125 0.41875 0.0671875 0.071875
1 0.1390625 0.4359375 0.0859375 0.0859375
1 0.5734375 0.4625 0.0828125 0.071875
1 0.68125 0.471875 0.071875 0.0625
1 0.4796875 0.4859375 0.0609375 0.0625
1 0.3625 0.4921875 0.084375 0.071875
1 0.2453125 0.5140625 0.059375 0.0515625
1 0.753125 0.5234375 0.0765625 0.0671875
1 0.8375 0.5265625 0.09375 0.09375
1 0.15 0.5421875 0.046875 0.0359375
1 0.5828125 0.5578125 0.096875 0.096875
1 0.45 0.5625 0.0921875 0.090625