1 0.6703125 0.4234375 0.090625 0.090625
1 0.796875 0.4109375 0.0734375 0.0921875
1 0.2984375 0.409375 0.0765625 0.071875
1 0.390625 0.3625 0.05625 0.0453125
1 0.56875 0.3515625 0.0484375 0.04375
1 0.66875 0.3328125 0.04375 0.0515625
1 0.2140625 0.3203125 0.05625 0.0625
1 0.478125 0.3171875 0.0890625 0.09375
1 0.86875 0.309375 0.0703125 0.0890625
1 0.7484375 0.2921875 0.0734375 0.1
1 0.6046875 0.284375 0.0828125 0.08125
1 0.321875 0.2734375 0.0984375 0.1140625
1 0.15 0.2375 0.0859375 0.1015625
1 0.5171875 0.225 0.0546875 0.0421875
1 0.41875 0.21875 0.075 0.0609375
1 0.634375 0.215625 0.0609375 0.0546875
1 0.7484375 0.203125 0.0640625 0.0515625
1 0.553125 0.9203125 0.15625 0.1203125
1 0.1515625 0.165625 0.0484375 0.0390625
1 0.828125 0.1609375 0.109375 0.134375
1 0.5296875 0.14375 0.13125 0.1171875
1 0.6890625 0.140625 0.0953125 0.09375
1 0.2515625 0.121875 0.13125 0.11875
1 0.39375 0.121875 0.065625 0.065625
1 0.209375 0.9125 0.140625 0.1421875
1 0.1265625 0.103125 0.06875 0.08125
1 0.109375 0.9109375 0.0359375 0.0671875
1 0.7328125 0.909375 0.146875 0.165625
1 0.571875 0.0578125 0.065625 0.04375
1 0.6609375 0.0546875 0.08125 0.065625
1 0.853125 0.053125 0.078125 0.0484375
1 0.3625 0.903125 0.0703125 0.09375
1 0.2984375 0.8546875 0.034375 0.040625
1 0.240625 0.815625 0.0609375 0.046875
1 0.1671875 0.8125 0.034375 0.0453125
1 0.478125 0.8109375 0.0734375 0.05625
1 0.6453125 0.7984375 0.0671875 0.04375
1 0.3625 0.7890625 0.0640625 0.071875
1 0.775 0.775 0.053125 0.059375
1 0.55625 0.75 0.0625 0.0578125
1 0.1359375 0.7453125 0.0296875 0.0390625
1 0.675 0.7328125 0.0671875 0.059375
1 0.2578125 0.7296875 0.1234375 0.1171875
1 0.84375 0.725 0.065625 0.059375
1 0.41875 0.7140625 0.0578125 0.08125
1 0.171875 0.69375 0.0359375 0.04375
1 0.7390625 0.68125 0.0671875 0.071875
1 0.5921875 0.6734375 0.0578125 0.0921875
1 0.3390625 0.65 0.0515625 0.0671875
1 0.2 0.6421875 0.040625 0.0390625
1 0.2734375 0.6390625 0.065625 0.0484375
1 0.665625 0.634375 0.0640625 0.0828125
1 0.14375 0.6328125 0.06875 0.0734375
1 0.50625 0.628125 0.05625 0.0828125
1 0.6078125 0.5859375 0.08125 0.0703125
1 0.7546875 0.58125 0.1 0.0859375
1 0.2171875 0.58125 0.0671875 0.071875
1 0.8609375 0.5640625 0.0859375 0.0859375
1 0.4265625 0.5375 0.0828125 0.071875
1 0.31875 0.528125 0.071875 0.0625
1 0.5203125 0.5140625 0.0609375 0.0625
1 0.6375 0.5078125 0.084375 0.071875
1 0.7546875 0.4859375 0.059375 0.0515625
1 0.246875 0.4765625 0.0765625 0.0671875
1 0.1625 0.4734375 0.09375 0.09375
1 0.85 0.4578125 0.046875 0.0359375
1 0.4171875 0.4421875 0.096875 0.096875
1 0.55 0.4375 0.0921875 0.090625