1 0.5703125 0.4828125 0.0328125 0.0359375
3 0.515625 0.484375 0.046875 0.046875
3 0.4125 0.4890625 0.0640625 0.05625
4 0.3390625 0.4890625 0.053125 0.04375
2 0.71875 0.490625 0.059375 0.034375
4 0.2078125 0.496875 0.046875 0.0484375
2 0.784375 0.503125 0.0578125 0.0390625
4 0.2578125 0.5078125 0.0453125 0.03125
1 0.66875 0.509375 0.0234375 0.0203125
1 0.61875 0.515625 0.0328125 0.0359375
3 0.4625 0.5359375 0.0515625 0.05
1 0.575 0.5375 0.0328125 0.034375
4 0.340625 0.5453125 0.0578125 0.0421875
1 0.671875 0.55 0.034375 0.040625
3 0.515625 0.553125 0.046875 0.0484375
2 0.71875 0.55625 0.0515625 0.0390625
4 0.2703125 0.55625 0.0546875 0.0265625
1 0.6140625 0.559375 0.034375 0.03125
4 0.2015625 0.559375 0.065625 0.0390625
3 0.403125 0.5609375 0.0609375 0.0640625
2 0.78125 0.575 0.0625 0.053125
1 0.571875 0.5796875 0.034375 0.0296875
1 0.6390625 0.58125 0.028125 0.0296875
1 0.66875 0.5953125 0.028125 0.0234375
3 0.5125 0.6015625 0.046875 0.0328125
3 0.4640625 0.603125 0.0390625 0.0484375
4 0.33125 0.603125 0.046875 0.0359375
2 0.7171875 0.6078125 0.0546875 0.0359375
4 0.21875 0.6078125 0.0453125 0.0265625
4 0.2734375 0.6171875 0.059375 0.0390625
1 0.621875 0.6234375 0.046875 0.040625
1 0.6625 0.6328125 0.01875 0.0203125
3 0.4046875 0.6328125 0.0484375 0.0515625
1 0.5734375 0.634375 0.0375 0.03125
2 0.7734375 0.6375 0.0578125 0.046875
2 0.71875 0.659375 0.046875 0.034375
4 0.346875 0.659375 0.0484375 0.04375
3 0.5203125 0.659375 0.0546875 0.06875
4 0.2171875 0.6609375 0.0578125 0.0453125
3 0.4515625 0.665625 0.0421875 0.04375
1 0.6140625 0.66875 0.021875 0.015625
4 0.2765625 0.671875 0.046875 0.0328125
1 0.6671875 0.6734375 0.040625 0.0390625
1 0.571875 0.6921875 0.0453125 0.04375
1 0.625 0.696875 0.0375 0.0328125
2 0.7765625 0.7015625 0.05625 0.0484375
4 0.2265625 0.7078125 0.0515625 0.03125
2 0.715625 0.7078125 0.0609375 0.0390625
3 0.3953125 0.7078125 0.0484375 0.0515625
4 0.3359375 0.709375 0.059375 0.040625
1 0.65625 0.7234375 0.0390625 0.04375
1 0.6203125 0.26875 0.0375 0.025
3 0.515625 0.73125 0.0515625 0.053125
4 0.271875 0.73125 0.053125 0.03125
1 0.6046875 0.734375 0.0296875 0.034375
3 0.4578125 0.7359375 0.0546875 0.0578125
1 0.56875 0.7421875 0.0265625 0.034375
0 0.146875 0.7484375 0.0609375 0.0609375
4 0.2125 0.7578125 0.05625 0.0359375
4 0.175 0.271875 0.065625 0.059375
4 0.3359375 0.7625 0.0578125 0.034375
1 0.5703125 0.275 0.0421875 0.04375
3 0.5171875 0.275 0.0484375 0.04375
3 0.3921875 0.278125 0.0578125 0.0421875
4 0.309375 0.278125 0.05625 0.0234375
3 0.4671875 0.2796875 0.053125 0.0421875
1 0.6640625 0.2953125 0.046875 0.0484375
4 0.2390625 0.2953125 0.059375 0.0359375
2 0.7109375 0.3046875 0.053125 0.0328125
1 0.6171875 0.3109375 0.0375 0.046875
4 0.315625 0.321875 0.05625 0.05
3 0.515625 0.3234375 0.0359375 0.028125
2 0.778125 0.3234375 0.0765625 0.05
1 0.5734375 0.3265625 0.040625 0.053125
4 0.178125 0.3265625 0.0625 0.0453125
3 0.409375 0.340625 0.059375 0.05
1 0.65625 0.3421875 0.0328125 0.0328125
3 0.4640625 0.3484375 0.046875 0.046875
4 0.2484375 0.3484375 0.0546875 0.0296875
1 0.6203125 0.359375 0.0390625 0.0359375
3 0.51875 0.36875 0.05 0.040625
2 0.715625 0.3703125 0.05625 0.0390625
1 0.5796875 0.3703125 0.028125 0.0328125
4 0.321875 0.3703125 0.0609375 0.040625
1 0.6703125 0.38125 0.0234375 0.03125
4 0.196875 0.384375 0.05 0.04375
2 0.78125 0.3875 0.065625 0.0359375
4 0.2515625 0.4015625 0.0484375 0.0359375
3 0.3984375 0.4125 0.059375 0.0515625
1 0.6171875 0.415625 0.03125 0.0359375
3 0.4609375 0.415625 0.0578125 0.0546875
4 0.325 0.4234375 0.0640625 0.04375
3 0.5171875 0.4234375 0.0484375 0.0421875
1 0.6609375 0.428125 0.028125 0.0359375
1 0.5734375 0.428125 0.0421875 0.05
2 0.7234375 0.43125 0.05625 0.0359375
4 0.19375 0.4375 0.05625 0.0390625
2 0.78125 0.446875 0.0625 0.0421875
4 0.25625 0.45625 0.0515625 0.0421875
1 0.684375 0.459375 0.0171875 0.0328125
1 0.6203125 0.4609375 0.0421875 0.03125
3 0.465625 0.478125 0.0390625 0.0421875