0 0.784375 0.403125 0.046875 0.0484375
0 0.35625 0.9375 0.0921875 0.0546875
0 0.3328125 0.321875 0.15 0.1484375
0 0.6484375 0.31875 0.125 0.1453125
0 0.484375 0.3078125 0.1015625 0.128125
0 0.8421875 0.296875 0.0671875 0.04375
0 0.21875 0.2921875 0.1078125 0.1234375
0 0.6546875 0.19375 0.0703125 0.08125
0 0.8234375 0.9203125 0.0828125 0.1265625
0 0.3 0.1515625 0.1078125 0.1546875
0 0.7609375 0.1484375 0.0671875 0.115625
0 0.5796875 0.1421875 0.140625 0.1453125
0 0.4234375 0.1421875 0.0734375 0.13125
0 0.1875 0.1078125 0.0765625 0.175
0 0.5234375 0.0375 0.1078125 0.0703125
0 0.5234375 0.8890625 0.090625 0.034375
0 0.7359375 0.8671875 0.059375 0.0484375
0 0.2265625 0.85 0.090625 0.1078125
0 0.6734375 0.825 0.1078125 0.0859375
0 0.44375 0.8234375 0.1125 0.13125
0 0.3390625 0.8203125 0.0703125 0.1328125
0 0.565625 0.79375 0.0625 0.1296875
0 0.8109375 0.7875 0.0640625 0.1078125
0 0.2796875 0.7375 0.0609375 0.071875
0 0.1765625 0.7375 0.0515625 0.08125
0 0.4 0.6984375 0.0609375 0.09375
0 0.5859375 0.6671875 0.0671875 0.1078125
0 0.771875 0.659375 0.096875 0.1125
0 0.678125 0.64375 0.0703125 0.15625
0 0.35 0.628125 0.1484375 0.103125
0 0.528125 0.615625 0.1046875 0.11875
0 0.196875 0.60625 0.134375 0.1109375
0 0.35 0.5578125 0.065625 0.065625
0 0.4453125 0.478125 0.06875 0.165625
0 0.2765625 0.9484375 0.1015625 0.0734375
0 0.7265625 0.9484375 0.1015625 0.0765625
0 0.80625 0.46875 0.1390625 0.1109375
0 0.6296875 0.946875 0.0796875 0.075
0 0.6234375 0.4625 0.2 0.1484375
0 0.50625 0.94375 0.1046875 0.05625
0 0.1796875 0.94375 0.0703125 0.0703125