1 0.4296875 0.5171875 0.0328125 0.0359375
3 0.484375 0.515625 0.046875 0.046875
3 0.5875 0.5109375 0.0640625 0.05625
4 0.6609375 0.5109375 0.053125 0.04375
2 0.28125 0.509375 0.059375 0.034375
4 0.7921875 0.503125 0.046875 0.0484375
2 0.215625 0.496875 0.0578125 0.0390625
4 0.7421875 0.4921875 0.0453125 0.03125
1 0.33125 0.490625 0.0234375 0.0203125
1 0.38125 0.484375 0.0328125 0.0359375
3 0.5375 0.4640625 0.0515625 0.05
1 0.425 0.4625 0.0328125 0.034375
4 0.659375 0.4546875 0.0578125 0.0421875
1 0.328125 0.45 0.034375 0.040625
3 0.484375 0.446875 0.046875 0.0484375
2 0.28125 0.44375 0.0515625 0.0390625
4 0.7296875 0.44375 0.0546875 0.0265625
1 0.3859375 0.440625 0.034375 0.03125
4 0.7984375 0.440625 0.065625 0.0390625
3 0.596875 0.4390625 0.0609375 0.0640625
2 0.21875 0.425 0.0625 0.053125
1 0.428125 0.4203125 0.034375 0.0296875
1 0.3609375 0.41875 0.028125 0.0296875
1 0.33125 0.4046875 0.028125 0.0234375
3 0.4875 0.3984375 0.046875 0.0328125
3 0.5359375 0.396875 0.0390625 0.0484375
4 0.66875 0.396875 0.046875 0.0359375
2 0.2828125 0.3921875 0.0546875 0.0359375
4 0.78125 0.3921875 0.0453125 0.0265625
4 0.7265625 0.3828125 0.059375 0.0390625
1 0.378125 0.3765625 0.046875 0.040625
1 0.3375 0.3671875 0.01875 0.0203125
3 0.5953125 0.3671875 0.0484375 0.0515625
1 0.4265625 0.365625 0.0375 0.03125
2 0.2265625 0.3625 0.0578125 0.046875
2 0.28125 0.340625 0.046875 0.034375
4 0.653125 0.340625 0.0484375 0.04375
3 0.4796875 0.340625 0.0546875 0.06875
4 0.7828125 0.3390625 0.0578125 0.0453125
3 0.5484375 0.334375 0.0421875 0.04375
1 0.3859375 0.33125 0.021875 0.015625
4 0.7234375 0.328125 0.046875 0.0328125
1 0.3328125 0.3265625 0.040625 0.0390625
1 0.428125 0.3078125 0.0453125 0.04375
1 0.375 0.303125 0.0375 0.0328125
2 0.2234375 0.2984375 0.05625 0.0484375
4 0.7734375 0.2921875 0.0515625 0.03125
2 0.284375 0.2921875 0.0609375 0.0390625
3 0.6046875 0.2921875 0.0484375 0.0515625
4 0.6640625 0.290625 0.059375 0.040625
1 0.34375 0.2765625 0.0390625 0.04375
1 0.3796875 0.73125 0.0375 0.025
3 0.484375 0.26875 0.0515625 0.053125
4 0.728125 0.26875 0.053125 0.03125
1 0.3953125 0.265625 0.0296875 0.034375
3 0.5421875 0.2640625 0.0546875 0.0578125
1 0.43125 0.2578125 0.0265625 0.034375
0 0.853125 0.2515625 0.0609375 0.0609375
4 0.7875 0.2421875 0.05625 0.0359375
4 0.825 0.728125 0.065625 0.059375
4 0.6640625 0.2375 0.0578125 0.034375
1 0.4296875 0.725 0.0421875 0.04375
3 0.4828125 0.725 0.0484375 0.04375
3 0.6078125 0.721875 0.0578125 0.0421875
4 0.690625 0.721875 0.05625 0.0234375
3 0.5328125 0.7203125 0.053125 0.0421875
1 0.3359375 0.7046875 0.046875 0.0484375
4 0.7609375 0.7046875 0.059375 0.0359375
2 0.2890625 0.6953125 0.053125 0.0328125
1 0.3828125 0.6890625 0.0375 0.046875
4 0.684375 0.678125 0.05625 0.05
3 0.484375 0.6765625 0.0359375 0.028125
2 0.221875 0.6765625 0.0765625 0.05
1 0.4265625 0.6734375 0.040625 0.053125
4 0.821875 0.6734375 0.0625 0.0453125
3 0.590625 0.659375 0.059375 0.05
1 0.34375 0.6578125 0.0328125 0.0328125
3 0.5359375 0.6515625 0.046875 0.046875
4 0.7515625 0.6515625 0.0546875 0.0296875
1 0.3796875 0.640625 0.0390625 0.0359375
3 0.48125 0.63125 0.05 0.040625
2 0.284375 0.6296875 0.05625 0.0390625
1 0.4203125 0.6296875 0.028125 0.0328125
4 0.678125 0.6296875 0.0609375 0.040625
1 0.3296875 0.61875 0.0234375 0.03125
4 0.803125 0.615625 0.05 0.04375
2 0.21875 0.6125 0.065625 0.0359375
4 0.7484375 0.5984375 0.0484375 0.0359375
3 0.6015625 0.5875 0.059375 0.0515625
1 0.3828125 0.584375 0.03125 0.0359375
3 0.5390625 0.584375 0.0578125 0.0546875
4 0.675 0.5765625 0.0640625 0.04375
3 0.4828125 0.5765625 0.0484375 0.0421875
1 0.3390625 0.571875 0.028125 0.0359375
1 0.4265625 0.571875 0.0421875 0.05
2 0.2765625 0.56875 0.05625 0.0359375
4 0.80625 0.5625 0.05625 0.0390625
2 0.21875 0.553125 0.0625 0.0421875
4 0.74375 0.54375 0.0515625 0.0421875
1 0.315625 0.540625 0.0171875 0.0328125
1 0.3796875 0.5390625 0.0421875 0.03125
3 0.534375 0.521875 0.0390625 0.0421875