0 0.215625 0.596875 0.046875 0.0484375
0 0.64375 0.0625 0.0921875 0.0546875
0 0.6671875 0.678125 0.15 0.1484375
0 0.3515625 0.68125 0.125 0.1453125
0 0.515625 0.6921875 0.1015625 0.128125
0 0.1578125 0.703125 0.0671875 0.04375
0 0.78125 0.7078125 0.1078125 0.1234375
0 0.3453125 0.80625 0.0703125 0.08125
0 0.1765625 0.0796875 0.0828125 0.1265625
0 0.7 0.8484375 0.1078125 0.1546875
0 0.2390625 0.8515625 0.0671875 0.115625
0 0.4203125 0.8578125 0.140625 0.1453125
0 0.5765625 0.8578125 0.0734375 0.13125
0 0.8125 0.8921875 0.0765625 0.175
0 0.4765625 0.9625 0.1078125 0.0703125
0 0.4765625 0.1109375 0.090625 0.034375
0 0.2640625 0.1328125 0.059375 0.0484375
0 0.7734375 0.15 0.090625 0.1078125
0 0.3265625 0.175 0.1078125 0.0859375
0 0.55625 0.1765625 0.1125 0.13125
0 0.6609375 0.1796875 0.0703125 0.1328125
0 0.434375 0.20625 0.0625 0.1296875
0 0.1890625 0.2125 0.0640625 0.1078125
0 0.7203125 0.2625 0.0609375 0.071875
0 0.8234375 0.2625 0.0515625 0.08125
0 0.6 0.3015625 0.0609375 0.09375
0 0.4140625 0.3328125 0.0671875 0.1078125
0 0.228125 0.340625 0.096875 0.1125
0 0.321875 0.35625 0.0703125 0.15625
0 0.65 0.371875 0.1484375 0.103125
0 0.471875 0.384375 0.1046875 0.11875
0 0.803125 0.39375 0.134375 0.1109375
0 0.65 0.4421875 0.065625 0.065625
0 0.5546875 0.521875 0.06875 0.165625
0 0.7234375 0.0515625 0.1015625 0.0734375
0 0.2734375 0.0515625 0.1015625 0.0765625
0 0.19375 0.53125 0.1390625 0.1109375
0 0.3703125 0.053125 0.0796875 0.075
0 0.3765625 0.5375 0.2 0.1484375
0 0.49375 0.05625 0.1046875 0.05625
0 0.8203125 0.05625 0.0703125 0.0703125