1 0.3421875 0.6296875 0.109375 0.0953125
1 0.615625 0.628125 0.109375 0.109375
1 0.4421875 0.6125 0.0875 0.0734375
1 0.521875 0.609375 0.0671875 0.05625
1 0.265625 0.6046875 0.0421875 0.0484375
1 0.7203125 0.6015625 0.090625 0.0890625
3 0.278125 0.525 0.071875 0.0890625
3 0.4703125 0.5171875 0.071875 0.0671875
3 0.55625 0.515625 0.0765625 0.1125
3 0.6390625 0.5109375 0.0515625 0.0390625
3 0.371875 0.50625 0.103125 0.121875
3 0.7125 0.50625 0.096875 0.0890625
2 0.546875 0.4125 0.0453125 0.0453125
2 0.4203125 0.4109375 0.0390625 0.0765625
2 0.4765625 0.3734375 0.065625 0.1375
2 0.265625 0.371875 0.078125 0.1203125
2 0.603125 0.371875 0.0875 0.1390625
2 0.3625 0.3625 0.075 0.1203125
2 0.71875 0.3609375 0.071875 0.146875
0 0.684375 0.2375 0.1328125 0.125
0 0.340625 0.2171875 0.1265625 0.14375
0 0.5515625 0.2140625 0.1296875 0.1296875
0 0.2484375 0.2109375 0.0328125 0.203125
0 0.446875 0.2015625 0.0453125 0.14375
4 0.7078125 0.8109375 0.10625 0.115625
4 0.5984375 0.7953125 0.096875 0.1140625
4 0.325 0.775 0.1078125 0.096875
4 0.4734375 0.7546875 0.125 0.1890625