4 0.603125 0.6984375 0.05 0.0734375
4 0.278125 0.6921875 0.0484375 0.0765625
4 0.6640625 0.675 0.0484375 0.06875
4 0.3515625 0.6609375 0.075 0.0703125
4 0.5515625 0.6546875 0.059375 0.103125
4 0.4546875 0.6453125 0.090625 0.1125
4 0.7390625 0.6453125 0.0515625 0.071875
4 0.2890625 0.6125 0.053125 0.0578125
2 0.478125 0.5421875 0.0359375 0.0828125
2 0.3453125 0.5390625 0.0421875 0.0734375
2 0.653125 0.5328125 0.065625 0.096875
2 0.5578125 0.53125 0.06875 0.0921875
2 0.7328125 0.521875 0.0515625 0.109375
2 0.415625 0.515625 0.06875 0.0859375
2 0.28125 0.5125 0.0421875 0.0703125
2 0.2453125 0.4703125 0.025 0.0515625
0 0.61875 0.4171875 0.040625 0.071875
0 0.565625 0.4046875 0.0375 0.0859375
0 0.715625 0.403125 0.0953125 0.109375
0 0.3265625 0.35625 0.11875 0.1203125
0 0.5296875 0.275 0.1328125 0.159375
1 0.4453125 0.884375 0.0484375 0.04375
1 0.328125 0.8765625 0.078125 0.0546875
1 0.546875 0.8765625 0.0484375 0.028125
1 0.6203125 0.8578125 0.0453125 0.0578125
1 0.7421875 0.846875 0.0671875 0.0625
1 0.5125 0.84375 0.0625 0.046875
1 0.68125 0.8421875 0.0328125 0.0265625
1 0.4078125 0.834375 0.0625 0.046875
3 0.2625 0.8046875 0.04375 0.0640625
3 0.346875 0.803125 0.065625 0.0515625
3 0.58125 0.7953125 0.0484375 0.065625
3 0.5125 0.771875 0.05625 0.0640625
3 0.659375 0.765625 0.075 0.0609375
3 0.4328125 0.7609375 0.0828125 0.059375
3 0.740625 0.7421875 0.046875 0.0578125