2 0.4828125 0.4015625 0.05625 0.0828125
2 0.1875 0.371875 0.046875 0.1015625
2 0.375 0.3453125 0.053125 0.0671875
2 0.8015625 0.34375 0.065625 0.15625
2 0.28125 0.3390625 0.05 0.0953125
2 0.675 0.3328125 0.0546875 0.1
2 0.7296875 0.3328125 0.034375 0.0578125
2 0.4734375 0.3046875 0.0609375 0.109375
2 0.575 0.296875 0.0328125 0.0625
2 0.184375 0.265625 0.046875 0.0796875
2 0.7078125 0.25 0.053125 0.0625
2 0.44375 0.925 0.0390625 0.0953125
2 0.2546875 0.2296875 0.05625 0.1296875
2 0.365625 0.225 0.0625 0.14375
2 0.54375 0.221875 0.0265625 0.0625
2 0.559375 0.921875 0.05 0.103125
2 0.6328125 0.20625 0.0546875 0.1078125
2 0.428125 0.2015625 0.01875 0.05625
2 0.4984375 0.184375 0.028125 0.0578125
2 0.7828125 0.184375 0.0875 0.1078125
2 0.1984375 0.1703125 0.0453125 0.0953125
2 0.58125 0.1625 0.0375 0.059375
2 0.70625 0.1609375 0.05 0.053125
2 0.3078125 0.1390625 0.0265625 0.0578125
2 0.34375 0.9140625 0.06875 0.1171875
2 0.4703125 0.1265625 0.05 0.0921875
2 0.59375 0.10625 0.0359375 0.059375
2 0.703125 0.9109375 0.0625 0.0859375
2 0.7140625 0.0890625 0.0375 0.0765625
2 0.8359375 0.0859375 0.0296875 0.0703125
2 0.3640625 0.071875 0.0671875 0.125
2 0.553125 0.05625 0.0515625 0.09375
2 0.2609375 0.0546875 0.0609375 0.10625
2 0.6609375 0.0546875 0.071875 0.10625
2 0.7953125 0.05 0.0484375 0.096875
2 0.828125 0.9046875 0.0453125 0.08125
2 0.2765625 0.8828125 0.053125 0.121875
2 0.646875 0.8640625 0.0875 0.1359375
2 0.203125 0.853125 0.0640625 0.1546875
2 0.76875 0.8390625 0.046875 0.0796875
2 0.309375 0.8171875 0.028125 0.0484375
2 0.38125 0.809375 0.0359375 0.0671875
2 0.2375 0.7984375 0.021875 0.04375
2 0.5203125 0.7734375 0.046875 0.1125
2 0.4734375 0.7609375 0.0390625 0.053125
2 0.1859375 0.7578125 0.0453125 0.059375
2 0.7546875 0.75625 0.0296875 0.053125
2 0.43125 0.753125 0.034375 0.0546875
2 0.3453125 0.75 0.046875 0.103125
2 0.58125 0.746875 0.0484375 0.075
2 0.2609375 0.7234375 0.065625 0.1140625
2 0.815625 0.721875 0.0703125 0.1125
2 0.503125 0.696875 0.0296875 0.059375
2 0.68125 0.6859375 0.0265625 0.065625
2 0.2109375 0.684375 0.025 0.0546875
2 0.7328125 0.6828125 0.0625 0.11875
2 0.4390625 0.6765625 0.065625 0.0953125
2 0.3234375 0.6640625 0.0359375 0.059375
2 0.1765625 0.6625 0.03125 0.0390625
2 0.5859375 0.653125 0.0453125 0.0828125
2 0.3828125 0.646875 0.0390625 0.0734375
2 0.6578125 0.615625 0.059375 0.115625
2 0.296875 0.6015625 0.0703125 0.1109375
2 0.8046875 0.6015625 0.046875 0.065625
2 0.5296875 0.6 0.059375 0.115625
2 0.228125 0.59375 0.0625 0.10625
2 0.171875 0.5890625 0.0359375 0.09375
2 0.7328125 0.55 0.034375 0.0703125
2 0.5953125 0.528125 0.0515625 0.0828125
2 0.3515625 0.521875 0.046875 0.0703125
2 0.24375 0.509375 0.0390625 0.06875
2 0.515625 0.49375 0.0515625 0.0703125
2 0.7921875 0.4890625 0.0546875 0.103125
2 0.6625 0.4875 0.065625 0.0921875
2 0.309375 0.4515625 0.0671875 0.1359375
2 0.2234375 0.4390625 0.0359375 0.078125
2 0.7125 0.4203125 0.0515625 0.0921875
2 0.384375 0.4140625 0.059375 0.0859375
2 0.58125 0.409375 0.0734375 0.1390625