3 0.1953125 0.384375 0.0875 0.078125
3 0.3265625 0.3796875 0.1 0.0796875
3 0.6828125 0.3703125 0.065625 0.078125
3 0.4515625 0.3640625 0.0984375 0.08125
3 0.5671875 0.359375 0.0640625 0.0609375
3 0.759375 0.3203125 0.05 0.046875
3 0.559375 0.3015625 0.0453125 0.0453125
3 0.4859375 0.2984375 0.03125 0.0421875
3 0.365625 0.2984375 0.0421875 0.046875
3 0.28125 0.2640625 0.090625 0.08125
3 0.628125 0.2640625 0.078125 0.0796875
3 0.440625 0.25 0.075 0.0796875
3 0.8015625 0.2453125 0.1015625 0.0890625
3 0.7078125 0.24375 0.046875 0.0390625
3 0.24375 0.1796875 0.0828125 0.0671875
3 0.6296875 0.165625 0.0796875 0.09375
3 0.740625 0.1625 0.0625 0.05625
3 0.3671875 0.1625 0.0828125 0.0734375
3 0.503125 0.15625 0.0828125 0.0734375
3 0.8390625 0.146875 0.0546875 0.0734375
3 0.8 0.915625 0.0359375 0.0453125
3 0.2453125 0.096875 0.0671875 0.078125
3 0.4328125 0.090625 0.065625 0.0671875
3 0.6453125 0.0671875 0.0875 0.0796875
3 0.8078125 0.0640625 0.078125 0.090625
3 0.3234375 0.053125 0.0625 0.0703125
3 0.5453125 0.046875 0.075 0.071875
3 0.7296875 0.8921875 0.09375 0.1046875
3 0.2421875 0.8921875 0.0703125 0.0921875
3 0.609375 0.890625 0.1046875 0.078125
3 0.465625 0.890625 0.078125 0.0703125
3 0.365625 0.88125 0.0625 0.0796875
3 0.85 0.8609375 0.0453125 0.0671875
3 0.1734375 0.8015625 0.0546875 0.0640625
3 0.5140625 0.7890625 0.096875 0.084375
3 0.278125 0.7640625 0.0984375 0.09375
3 0.634375 0.7515625 0.096875 0.09375
3 0.39375 0.746875 0.06875 0.0734375
3 0.765625 0.740625 0.0984375 0.0859375
3 0.5203125 0.671875 0.0765625 0.09375
3 0.225 0.6640625 0.0953125 0.0890625
3 0.628125 0.6625 0.0890625 0.0890625
3 0.3265625 0.6578125 0.078125 0.0703125
3 0.4203125 0.65625 0.0703125 0.04375
3 0.8234375 0.653125 0.0875 0.0796875
3 0.734375 0.653125 0.0625 0.065625
3 0.15 0.615625 0.0375 0.04375
3 0.309375 0.9609375 0.05625 0.0640625
3 0.3046875 0.5734375 0.053125 0.0546875
3 0.4578125 0.565625 0.0578125 0.0625
3 0.409375 0.95625 0.0640625 0.0484375
3 0.6046875 0.5640625 0.0578125 0.059375
3 0.684375 0.5484375 0.059375 0.0640625
3 0.36875 0.546875 0.071875 0.0703125
3 0.76875 0.5453125 0.0390625 0.0453125
3 0.8453125 0.540625 0.03125 0.053125
3 0.178125 0.540625 0.0703125 0.0546875
3 0.2609375 0.5265625 0.046875 0.0484375
3 0.55 0.51875 0.046875 0.0640625
3 0.653125 0.4875 0.0546875 0.0671875
3 0.375 0.4671875 0.065625 0.0578125
3 0.2234375 0.4671875 0.08125 0.059375
3 0.7609375 0.453125 0.071875 0.0828125
3 0.55 0.4375 0.065625 0.075