2 0.60625 0.3328125 0.0640625 0.0859375
2 0.7328125 0.33125 0.0421875 0.0671875
2 0.2078125 0.3296875 0.0765625 0.128125
2 0.8578125 0.328125 0.053125 0.1125
2 0.321875 0.31875 0.0625 0.13125
2 0.675 0.30625 0.0609375 0.121875
2 0.5390625 0.3046875 0.0734375 0.1
2 0.428125 0.2984375 0.06875 0.14375
2 0.7859375 0.2875 0.05625 0.125
2 0.1640625 0.275 0.053125 0.0578125
2 0.60625 0.9265625 0.0625 0.0796875
2 0.2546875 0.2171875 0.05625 0.0953125
2 0.4 0.2125 0.0359375 0.0875
2 0.5375 0.209375 0.040625 0.0875
2 0.6625 0.1953125 0.0359375 0.0921875
2 0.1671875 0.1703125 0.0859375 0.140625
2 0.278125 0.9171875 0.0625 0.1125
2 0.328125 0.15 0.0765625 0.159375
2 0.4765625 0.1421875 0.0515625 0.1421875
2 0.60625 0.13125 0.0515625 0.1703125
2 0.7765625 0.1140625 0.0671875 0.15
2 0.696875 0.0984375 0.04375 0.0953125
2 0.553125 0.065625 0.0625 0.1
2 0.4 0.0609375 0.08125 0.096875
2 0.2359375 0.0546875 0.0796875 0.071875
2 0.2046875 0.8765625 0.0828125 0.10625
2 0.375 0.871875 0.06875 0.1171875
2 0.5296875 0.85625 0.1 0.1328125
2 0.6640625 0.825 0.0609375 0.140625
2 0.778125 0.815625 0.065625 0.1375
2 0.334375 0.8015625 0.0640625 0.084375
2 0.4625 0.7859375 0.0703125 0.09375
2 0.2453125 0.76875 0.05625 0.1
2 0.578125 0.7359375 0.0390625 0.0796875
2 0.4078125 0.7140625 0.046875 0.115625
2 0.1765625 0.7109375 0.0640625 0.1453125
2 0.328125 0.6953125 0.08125 0.1390625
2 0.4890625 0.678125 0.078125 0.11875
2 0.6359375 0.659375 0.05625 0.1453125
2 0.771875 0.646875 0.1125 0.15625
2 0.15625 0.6203125 0.078125 0.0890625
2 0.2671875 0.61875 0.053125 0.1
2 0.578125 0.6109375 0.0546875 0.075
2 0.3296875 0.609375 0.05625 0.0703125
2 0.4359375 0.6 0.05625 0.09375
2 0.2375 0.5140625 0.0828125 0.165625
2 0.4015625 0.5109375 0.09375 0.1703125
2 0.5953125 0.5078125 0.0375 0.0953125
2 0.85546875 0.94921875 0.0765625 0.0984375
2 0.5203125 0.49375 0.06875 0.134375
2 0.6671875 0.471875 0.084375 0.15625
2 0.7953125 0.4546875 0.09375 0.1375
2 0.328125 0.4484375 0.046875 0.096875
2 0.15 0.4390625 0.046875 0.0890625
2 0.2703125 0.3484375 0.053125 0.071875
2 0.4796875 0.3453125 0.04375 0.0859375
2 0.140625 0.34375 0.046875 0.0734375
2 0.38125 0.3390625 0.0421875 0.065625