2 0.5234375 0.696875 0.0546875 0.090625
2 0.3796875 0.690625 0.05 0.053125
2 0.4484375 0.6875 0.0515625 0.0734375
2 0.325 0.6859375 0.0421875 0.0703125
2 0.271875 0.6765625 0.04375 0.0609375
2 0.59375 0.671875 0.0375 0.0859375
2 0.6765625 0.659375 0.05 0.0828125
2 0.746875 0.6546875 0.0359375 0.0921875
2 0.3125 0.6265625 0.0421875 0.046875
2 0.378125 0.621875 0.04375 0.0625
2 0.440625 0.60625 0.0484375 0.0703125
2 0.509375 0.6 0.046875 0.0703125
2 0.575 0.5890625 0.0484375 0.0703125
2 0.6390625 0.584375 0.0453125 0.0625
2 0.7109375 0.58125 0.0375 0.0625
3 0.2765625 0.5515625 0.0640625 0.071875
3 0.3578125 0.534375 0.0703125 0.0640625
3 0.4328125 0.521875 0.05625 0.0671875
3 0.5046875 0.5109375 0.078125 0.0671875
3 0.6609375 0.5 0.0703125 0.065625
3 0.5875 0.496875 0.0578125 0.0609375
3 0.7328125 0.4765625 0.0515625 0.059375
3 0.4140625 0.4453125 0.0625 0.0515625
3 0.5328125 0.43125 0.0765625 0.05625
3 0.609375 0.415625 0.065625 0.0578125
3 0.715625 0.403125 0.0734375 0.0609375
0 0.459375 0.3265625 0.0390625 0.121875
0 0.2765625 0.325 0.0484375 0.0953125
0 0.334375 0.3203125 0.0515625 0.10625
0 0.39375 0.315625 0.03125 0.10625
0 0.5625 0.2953125 0.0625 0.1359375
0 0.6765625 0.2921875 0.1 0.1203125
0 0.303125 0.1890625 0.1453125 0.0703125
1 0.3640625 0.8546875 0.0734375 0.0671875
1 0.603125 0.853125 0.0625 0.0546875
1 0.51875 0.8515625 0.078125 0.078125
1 0.6765625 0.85 0.0578125 0.0703125
1 0.734375 0.846875 0.053125 0.046875
1 0.4453125 0.840625 0.0703125 0.04375
1 0.2984375 0.8359375 0.05 0.03125
1 0.2609375 0.803125 0.0359375 0.0375
1 0.375 0.7765625 0.0328125 0.05
1 0.5796875 0.7765625 0.078125 0.0640625
1 0.4453125 0.7734375 0.075 0.06875
1 0.31875 0.771875 0.075 0.075
1 0.5125 0.7671875 0.0390625 0.0265625
1 0.7203125 0.765625 0.0640625 0.065625
1 0.653125 0.75625 0.0328125 0.034375
1 0.2609375 0.7453125 0.0328125 0.0421875