2 0.5234375 0.303125 0.0546875 0.090625
2 0.3796875 0.309375 0.05 0.053125
2 0.4484375 0.3125 0.0515625 0.0734375
2 0.325 0.3140625 0.0421875 0.0703125
2 0.271875 0.3234375 0.04375 0.0609375
2 0.59375 0.328125 0.0375 0.0859375
2 0.6765625 0.340625 0.05 0.0828125
2 0.746875 0.3453125 0.0359375 0.0921875
2 0.3125 0.3734375 0.0421875 0.046875
2 0.378125 0.378125 0.04375 0.0625
2 0.440625 0.39375 0.0484375 0.0703125
2 0.509375 0.4 0.046875 0.0703125
2 0.575 0.4109375 0.0484375 0.0703125
2 0.6390625 0.415625 0.0453125 0.0625
2 0.7109375 0.41875 0.0375 0.0625
3 0.2765625 0.4484375 0.0640625 0.071875
3 0.3578125 0.465625 0.0703125 0.0640625
3 0.4328125 0.478125 0.05625 0.0671875
3 0.5046875 0.4890625 0.078125 0.0671875
3 0.6609375 0.5 0.0703125 0.065625
3 0.5875 0.503125 0.0578125 0.0609375
3 0.7328125 0.5234375 0.0515625 0.059375
3 0.4140625 0.5546875 0.0625 0.0515625
3 0.5328125 0.56875 0.0765625 0.05625
3 0.609375 0.584375 0.065625 0.0578125
3 0.715625 0.596875 0.0734375 0.0609375
0 0.459375 0.6734375 0.0390625 0.121875
0 0.2765625 0.675 0.0484375 0.0953125
0 0.334375 0.6796875 0.0515625 0.10625
0 0.39375 0.684375 0.03125 0.10625
0 0.5625 0.7046875 0.0625 0.1359375
0 0.6765625 0.7078125 0.1 0.1203125
0 0.303125 0.8109375 0.1453125 0.0703125
1 0.3640625 0.1453125 0.0734375 0.0671875
1 0.603125 0.146875 0.0625 0.0546875
1 0.51875 0.1484375 0.078125 0.078125
1 0.6765625 0.15 0.0578125 0.0703125
1 0.734375 0.153125 0.053125 0.046875
1 0.4453125 0.159375 0.0703125 0.04375
1 0.2984375 0.1640625 0.05 0.03125
1 0.2609375 0.196875 0.0359375 0.0375
1 0.375 0.2234375 0.0328125 0.05
1 0.5796875 0.2234375 0.078125 0.0640625
1 0.4453125 0.2265625 0.075 0.06875
1 0.31875 0.228125 0.075 0.075
1 0.5125 0.2328125 0.0390625 0.0265625
1 0.7203125 0.234375 0.0640625 0.065625
1 0.653125 0.24375 0.0328125 0.034375
1 0.2609375 0.2546875 0.0328125 0.0421875