2 0.4765625 0.696875 0.0546875 0.090625
2 0.6203125 0.690625 0.05 0.053125
2 0.5515625 0.6875 0.0515625 0.0734375
2 0.675 0.6859375 0.0421875 0.0703125
2 0.728125 0.6765625 0.04375 0.0609375
2 0.40625 0.671875 0.0375 0.0859375
2 0.3234375 0.659375 0.05 0.0828125
2 0.253125 0.6546875 0.0359375 0.0921875
2 0.6875 0.6265625 0.0421875 0.046875
2 0.621875 0.621875 0.04375 0.0625
2 0.559375 0.60625 0.0484375 0.0703125
2 0.490625 0.6 0.046875 0.0703125
2 0.425 0.5890625 0.0484375 0.0703125
2 0.3609375 0.584375 0.0453125 0.0625
2 0.2890625 0.58125 0.0375 0.0625
3 0.7234375 0.5515625 0.0640625 0.071875
3 0.6421875 0.534375 0.0703125 0.0640625
3 0.5671875 0.521875 0.05625 0.0671875
3 0.4953125 0.5109375 0.078125 0.0671875
3 0.3390625 0.5 0.0703125 0.065625
3 0.4125 0.496875 0.0578125 0.0609375
3 0.2671875 0.4765625 0.0515625 0.059375
3 0.5859375 0.4453125 0.0625 0.0515625
3 0.4671875 0.43125 0.0765625 0.05625
3 0.390625 0.415625 0.065625 0.0578125
3 0.284375 0.403125 0.0734375 0.0609375
0 0.540625 0.3265625 0.0390625 0.121875
0 0.7234375 0.325 0.0484375 0.0953125
0 0.665625 0.3203125 0.0515625 0.10625
0 0.60625 0.315625 0.03125 0.10625
0 0.4375 0.2953125 0.0625 0.1359375
0 0.3234375 0.2921875 0.1 0.1203125
0 0.696875 0.1890625 0.1453125 0.0703125
1 0.6359375 0.8546875 0.0734375 0.0671875
1 0.396875 0.853125 0.0625 0.0546875
1 0.48125 0.8515625 0.078125 0.078125
1 0.3234375 0.85 0.0578125 0.0703125
1 0.265625 0.846875 0.053125 0.046875
1 0.5546875 0.840625 0.0703125 0.04375
1 0.7015625 0.8359375 0.05 0.03125
1 0.7390625 0.803125 0.0359375 0.0375
1 0.625 0.7765625 0.0328125 0.05
1 0.4203125 0.7765625 0.078125 0.0640625
1 0.5546875 0.7734375 0.075 0.06875
1 0.68125 0.771875 0.075 0.075
1 0.4875 0.7671875 0.0390625 0.0265625
1 0.2796875 0.765625 0.0640625 0.065625
1 0.346875 0.75625 0.0328125 0.034375
1 0.7390625 0.7453125 0.0328125 0.0421875