0 0.378125 0.2703125 0.121875 0.078125
0 0.7390625 0.278125 0.0578125 0.09375
2 0.3421875 0.35 0.1296875 0.065625
3 0.7453125 0.35625 0.0625 0.053125
4 0.6140625 0.3578125 0.0484375 0.0578125
0 0.6765625 0.359375 0.0703125 0.046875
1 0.4796875 0.359375 0.0421875 0.0578125
0 0.5453125 0.3609375 0.090625 0.040625
0 0.4046875 0.4515625 0.1609375 0.140625
2 0.6125 0.4796875 0.0609375 0.0359375
4 0.303125 0.5265625 0.0125 0.003125
0 0.6109375 0.5265625 0.025 0.0515625
3 0.4390625 0.5515625 0.0890625 0.0703125
4 0.353125 0.5546875 0.0625 0.0515625
2 0.2609375 0.55625 0.08125 0.046875
0 0.6328125 0.5984375 0.0390625 0.034375
0 0.2640625 0.61875 0.065625 0.0734375
0 0.328125 0.6203125 0.053125 0.071875
4 0.6484375 0.625 0.04375 0.0203125
0 0.6515625 0.6625 0.0328125 0.0609375
0 0.446875 0.671875 0.05 0.18125
2 0.2875 0.678125 0.0546875 0.04375
0 0.296875 0.74375 0.0421875 0.0953125
1 0.4484375 0.8 0.109375 0.0828125
1 0.30625 0.81875 0.0640625 0.0546875
4 0.4671875 0.2015625 0.103125 0.0609375
2 0.7265625 0.2046875 0.0890625 0.053125