3 0.4453125 0.7140625 0.0546875 0.05625
1 0.390625 0.6921875 0.05625 0.06875
4 0.3203125 0.690625 0.0625 0.05
2 0.5265625 0.6828125 0.059375 0.0453125
0 0.7171875 0.675 0.0515625 0.1671875
0 0.6328125 0.665625 0.0953125 0.0609375
3 0.446875 0.6546875 0.05 0.05
1 0.3921875 0.63125 0.0328125 0.0375
4 0.3015625 0.63125 0.05625 0.0484375
2 0.5234375 0.6140625 0.065625 0.0546875
3 0.4421875 0.603125 0.05625 0.0453125
0 0.6015625 0.578125 0.0828125 0.0890625
1 0.3875 0.56875 0.05625 0.0828125
3 0.4515625 0.5625 0.053125 0.0421875
4 0.2984375 0.559375 0.1140625 0.0859375
0 0.7046875 0.5546875 0.10625 0.0375
2 0.521875 0.5421875 0.0734375 0.0453125
3 0.45625 0.515625 0.0375 0.0453125
0 0.5921875 0.503125 0.03125 0.034375
1 0.3890625 0.496875 0.040625 0.0515625
4 0.290625 0.4921875 0.0734375 0.0609375
0 0.7234375 0.4921875 0.0796875 0.0625
2 0.5265625 0.4765625 0.0671875 0.05
3 0.4390625 0.4578125 0.0671875 0.05
4 0.290625 0.4484375 0.028125 0.028125
1 0.3734375 0.4328125 0.071875 0.0828125
0 0.6203125 0.4296875 0.0859375 0.0890625
0 0.725 0.409375 0.0890625 0.034375
3 0.4484375 0.396875 0.053125 0.0453125
2 0.5296875 0.39375 0.0734375 0.0484375
4 0.2921875 0.3921875 0.053125 0.0421875
1 0.3734375 0.365625 0.034375 0.025
3 0.4484375 0.340625 0.0765625 0.053125
0 0.6625 0.3359375 0.1453125 0.0375
2 0.54375 0.3265625 0.0765625 0.0453125
4 0.2859375 0.3203125 0.0859375 0.084375
1 0.3859375 0.296875 0.0515625 0.046875
0 0.7265625 0.2953125 0.09375 0.053125
0 0.6203125 0.290625 0.071875 0.040625
3 0.4640625 0.259375 0.053125 0.059375
2 0.546875 0.2515625 0.071875 0.04375
0 0.728125 0.24375 0.084375 0.0328125
4 0.2765625 0.2234375 0.078125 0.0796875
0 0.6375 0.215625 0.0765625 0.04375
0 0.7359375 0.215625 0.08125 0.0234375
1 0.36875 0.2046875 0.0765625 0.090625
3 0.4625 0.184375 0.06875 0.065625
2 0.5453125 0.1828125 0.08125 0.0359375
0 0.7421875 0.1765625 0.06875 0.0234375
4 0.265625 0.1359375 0.0796875 0.0640625
0 0.6421875 0.1328125 0.08125 0.065625
0 0.753125 0.128125 0.0546875 0.0578125
1 0.3828125 0.121875 0.065625 0.046875
2 0.553125 0.115625 0.0671875 0.0515625
3 0.484375 0.115625 0.0453125 0.0421875
1 0.3921875 0.815625 0.0484375 0.0375
3 0.4453125 0.8125 0.0390625 0.028125
4 0.31875 0.7921875 0.0671875 0.04375
2 0.5375 0.7890625 0.0796875 0.053125
1 0.390625 0.778125 0.0328125 0.0328125
3 0.4484375 0.765625 0.0625 0.053125
1 0.396875 0.7453125 0.0375 0.03125
4 0.321875 0.7453125 0.071875 0.05
0 0.609375 0.7421875 0.0765625 0.0375
2 0.5265625 0.740625 0.0671875 0.040625