0 0.3484375 0.3921875 0.1203125 0.18125
0 0.1953125 0.2609375 0.0859375 0.1984375
0 0.6328125 0.253125 0.1453125 0.153125
0 0.2171875 0.921875 0.134375 0.153125
0 0.8109375 0.2140625 0.0921875 0.2328125
0 0.45625 0.1640625 0.15625 0.171875
0 0.2796875 0.1453125 0.1140625 0.1890625
0 0.765625 0.0453125 0.14375 0.0734375
0 0.584375 0.0421875 0.1921875 0.0609375
0 0.559375 0.8234375 0.1234375 0.2234375
0 0.6859375 0.8109375 0.0984375 0.146875
0 0.7828125 0.7765625 0.0859375 0.184375
0 0.428125 0.775 0.096875 0.1484375
0 0.2890625 0.765625 0.09375 0.15625
0 0.19375 0.7484375 0.0703125 0.1609375
0 0.5171875 0.6234375 0.109375 0.2
0 0.703125 0.61875 0.1109375 0.1546875
0 0.3875 0.5984375 0.096875 0.1734375
0 0.2421875 0.578125 0.10625 0.1421875
0 0.553125 0.440625 0.21875 0.1359375
0 0.45546875 0.94140625 0.0953125 0.1140625
0 0.775 0.4171875 0.13125 0.2015625
0 0.20625 0.4109375 0.11875 0.08125