3 0.421875 0.2625 0.0359375 0.0296875
3 0.5296875 0.2640625 0.0328125 0.034375
3 0.5828125 0.2703125 0.0390625 0.03125
3 0.640625 0.2765625 0.025 0.03125
3 0.7015625 0.2828125 0.04375 0.0390625
3 0.7546875 0.2890625 0.034375 0.0375
3 0.3296875 0.309375 0.03125 0.0390625
3 0.45 0.3140625 0.0375 0.04375
3 0.2453125 0.3140625 0.0203125 0.021875
3 0.390625 0.315625 0.0375 0.04375
3 0.509375 0.315625 0.0359375 0.0390625
3 0.5671875 0.3234375 0.0359375 0.0421875
3 0.746875 0.3234375 0.028125 0.0265625
3 0.6890625 0.3234375 0.034375 0.04375
3 0.628125 0.325 0.040625 0.0375
4 0.4875 0.365625 0.0421875 0.034375
4 0.3515625 0.3671875 0.025 0.040625
4 0.4375 0.3671875 0.028125 0.0375
4 0.5578125 0.3703125 0.0359375 0.034375
4 0.4 0.3703125 0.025 0.0328125
4 0.3 0.371875 0.0265625 0.03125
4 0.6234375 0.371875 0.0296875 0.0375
4 0.2609375 0.3734375 0.0359375 0.0390625
4 0.6953125 0.375 0.025 0.0390625
4 0.75 0.3796875 0.04375 0.040625
4 0.3625 0.4109375 0.0359375 0.0375
4 0.4515625 0.4125 0.0296875 0.034375
4 0.4125 0.415625 0.028125 0.0296875
4 0.503125 0.4171875 0.0296875 0.0359375
4 0.2671875 0.41875 0.0359375 0.0375
4 0.6015625 0.4203125 0.0265625 0.0421875
4 0.653125 0.4234375 0.0421875 0.034375
4 0.553125 0.4234375 0.028125 0.0296875
4 0.7 0.425 0.0375 0.0296875
4 0.759375 0.43125 0.0234375 0.0328125
0 0.3296875 0.465625 0.034375 0.0359375
0 0.259375 0.465625 0.0296875 0.0375
0 0.4421875 0.4671875 0.0375 0.0328125
0 0.484375 0.46875 0.0390625 0.034375
0 0.390625 0.46875 0.04375 0.028125
0 0.2921875 0.4703125 0.0234375 0.034375
0 0.521875 0.4734375 0.021875 0.034375
0 0.65625 0.4765625 0.0296875 0.0375
0 0.7078125 0.478125 0.0359375 0.0390625
0 0.7546875 0.4796875 0.046875 0.0359375
0 0.5546875 0.4796875 0.0375 0.040625
0 0.60625 0.4796875 0.01875 0.034375
0 0.5421875 0.5140625 0.04375 0.0328125
0 0.2453125 0.5171875 0.028125 0.0421875
0 0.4640625 0.5171875 0.0671875 0.0171875
0 0.278125 0.5171875 0.021875 0.0515625
0 0.334375 0.51875 0.05 0.0484375
0 0.6 0.5203125 0.0484375 0.0234375
0 0.39375 0.521875 0.059375 0.0296875
0 0.646875 0.5234375 0.040625 0.0265625
0 0.6953125 0.528125 0.034375 0.0265625
0 0.7375 0.534375 0.0265625 0.0390625
1 0.4546875 0.084375 0.03125 0.03125
1 0.4234375 0.0890625 0.0140625 0.0203125
1 0.3828125 0.090625 0.0359375 0.0328125
1 0.49375 0.090625 0.028125 0.0203125
1 0.5375 0.0921875 0.0359375 0.0296875
1 0.3 0.0953125 0.0453125 0.0390625
1 0.3453125 0.0953125 0.0171875 0.0203125
1 0.61875 0.1 0.03125 0.034375
1 0.58125 0.1 0.0171875 0.0203125
1 0.703125 0.1046875 0.0390625 0.0453125
1 0.265625 0.10625 0.01875 0.015625
1 0.6625 0.109375 0.0296875 0.0234375
1 0.75 0.1140625 0.028125 0.025
1 0.4171875 0.125 0.03125 0.028125
1 0.38125 0.125 0.0265625 0.025
1 0.34375 0.125 0.0296875 0.0265625
1 0.4921875 0.125 0.0390625 0.028125
1 0.453125 0.1265625 0.0234375 0.0265625
1 0.3078125 0.13125 0.021875 0.021875
1 0.571875 0.1328125 0.0375 0.0265625
1 0.2734375 0.134375 0.0375 0.0359375
1 0.5375 0.134375 0.0171875 0.015625
1 0.6109375 0.1421875 0.0171875 0.015625
1 0.659375 0.14375 0.0453125 0.028125
1 0.75 0.1515625 0.0328125 0.034375
1 0.70625 0.1546875 0.0234375 0.0203125
2 0.4171875 0.1671875 0.0296875 0.04375
2 0.3171875 0.171875 0.021875 0.03125
2 0.4640625 0.175 0.0203125 0.0328125
2 0.3609375 0.175 0.0296875 0.046875
2 0.2734375 0.175 0.021875 0.028125
2 0.5171875 0.1796875 0.0265625 0.0390625
2 0.5671875 0.1796875 0.0234375 0.034375
2 0.609375 0.1828125 0.021875 0.040625
2 0.6578125 0.1875 0.0234375 0.040625
2 0.7109375 0.2 0.025 0.0328125
2 0.7546875 0.2 0.0234375 0.034375
2 0.30625 0.20625 0.0234375 0.028125
2 0.446875 0.209375 0.0265625 0.0296875
2 0.26875 0.209375 0.0265625 0.03125
2 0.4046875 0.209375 0.015625 0.0359375
2 0.3484375 0.2109375 0.0203125 0.028125
2 0.4953125 0.215625 0.0234375 0.0359375
2 0.534375 0.21875 0.01875 0.0328125
2 0.584375 0.2234375 0.01875 0.03125
2 0.6296875 0.2328125 0.0234375 0.0296875
2 0.7359375 0.2375 0.03125 0.0328125
2 0.6796875 0.2375 0.0296875 0.0296875
3 0.29375 0.2546875 0.0203125 0.0234375
3 0.259375 0.2578125 0.034375 0.0421875
3 0.465625 0.2578125 0.0390625 0.040625
3 0.378125 0.2578125 0.0234375 0.025
3 0.334375 0.2578125 0.0390625 0.0375