2 0.50625 0.7234375 0.0984375 0.075
3 0.6609375 0.7046875 0.0421875 0.05
1 0.6 0.690625 0.0640625 0.0734375
4 0.71875 0.675 0.0671875 0.053125
0 0.2875 0.6671875 0.0671875 0.053125
3 0.653125 0.6484375 0.0359375 0.046875
2 0.50625 0.6421875 0.0796875 0.05625
1 0.5984375 0.6265625 0.025 0.0375
0 0.3828125 0.6125 0.11875 0.05
4 0.7359375 0.60625 0.0796875 0.0578125
0 0.2859375 0.596875 0.071875 0.0484375
3 0.6640625 0.5859375 0.05625 0.0578125
1 0.6015625 0.56875 0.05625 0.0640625
4 0.71875 0.54375 0.040625 0.040625
2 0.496875 0.5390625 0.0890625 0.0578125
3 0.6546875 0.5359375 0.034375 0.03125
0 0.3921875 0.5234375 0.0984375 0.0828125
0 0.2890625 0.5125 0.084375 0.0703125
1 0.58125 0.503125 0.015625 0.0375
3 0.6625 0.484375 0.05625 0.0453125
2 0.5 0.4671875 0.0921875 0.06875
4 0.73125 0.465625 0.075 0.0640625
1 0.5828125 0.45 0.0625 0.0671875
3 0.6515625 0.4328125 0.0375 0.0296875
0 0.384375 0.43125 0.1046875 0.084375
0 0.275 0.4203125 0.0796875 0.0359375
1 0.5734375 0.390625 0.0328125 0.03125
2 0.475 0.3859375 0.1015625 0.0671875
3 0.653125 0.378125 0.05625 0.05
4 0.725 0.378125 0.0625 0.05625
0 0.36875 0.3671875 0.0859375 0.0296875
0 0.271875 0.3484375 0.071875 0.059375
1 0.571875 0.334375 0.0640625 0.071875
3 0.6359375 0.3203125 0.0296875 0.0234375
0 0.36875 0.309375 0.09375 0.03125
4 0.728125 0.3046875 0.1 0.065625
2 0.46875 0.303125 0.0796875 0.0578125
0 0.2640625 0.275 0.059375 0.028125
1 0.5609375 0.265625 0.0484375 0.0421875
3 0.6421875 0.265625 0.053125 0.05
2 0.459375 0.2375 0.0796875 0.046875
4 0.7234375 0.2328125 0.0625 0.0421875
0 0.353125 0.2296875 0.0953125 0.034375
1 0.5453125 0.228125 0.0375 0.028125
3 0.6234375 0.2171875 0.0328125 0.028125
2 0.4515625 0.165625 0.0640625 0.0421875
1 0.54375 0.1640625 0.065625 0.0703125
3 0.6140625 0.1625 0.0421875 0.04375
4 0.7203125 0.1546875 0.0984375 0.0625
0 0.2734375 0.15 0.0921875 0.0359375
0 0.3515625 0.1328125 0.0890625 0.08125
2 0.4328125 0.1015625 0.0921875 0.0484375
1 0.5171875 0.0953125 0.04375 0.0484375
3 0.603125 0.090625 0.075 0.059375
4 0.725 0.0890625 0.090625 0.0546875
1 0.60625 0.828125 0.0484375 0.053125
3 0.6609375 0.80625 0.05 0.05
4 0.7171875 0.803125 0.0671875 0.05
2 0.5 0.796875 0.0890625 0.065625
1 0.596875 0.7828125 0.0390625 0.0421875
0 0.296875 0.7796875 0.0859375 0.046875
0 0.3828125 0.7515625 0.0765625 0.096875
3 0.65625 0.7515625 0.028125 0.0203125
4 0.721875 0.7453125 0.0796875 0.059375
1 0.596875 0.7453125 0.0390625 0.0234375