4 0.5546875 0.56875 0.0578125 0.06875
1 0.63125 0.5765625 0.0796875 0.0921875
3 0.7203125 0.584375 0.0703125 0.1015625
4 0.10625 0.3359375 0.0484375 0.08125
4 0.5109375 0.3375 0.065625 0.1015625
1 0.190625 0.3375 0.0765625 0.0625
3 0.3140625 0.34375 0.0921875 0.0921875
4 0.43125 0.353125 0.0390625 0.0640625
2 0.0359375 0.3578125 0.0625 0.10625
4 0.5859375 0.3609375 0.05 0.0859375
4 0.69375 0.365625 0.0703125 0.1078125
4 0.8359375 0.3734375 0.084375 0.1046875
1 0.28125 0.4578125 0.046875 0.0453125
3 0.3265625 0.4609375 0.04375 0.0421875
4 0.375 0.4640625 0.040625 0.053125
2 0.2390625 0.465625 0.040625 0.0578125