2 0.50625 0.2765625 0.0984375 0.075
3 0.6609375 0.2953125 0.0421875 0.05
1 0.6 0.309375 0.0640625 0.0734375
4 0.71875 0.325 0.0671875 0.053125
0 0.2875 0.3328125 0.0671875 0.053125
3 0.653125 0.3515625 0.0359375 0.046875
2 0.50625 0.3578125 0.0796875 0.05625
1 0.5984375 0.3734375 0.025 0.0375
0 0.3828125 0.3875 0.11875 0.05
4 0.7359375 0.39375 0.0796875 0.0578125
0 0.2859375 0.403125 0.071875 0.0484375
3 0.6640625 0.4140625 0.05625 0.0578125
1 0.6015625 0.43125 0.05625 0.0640625
4 0.71875 0.45625 0.040625 0.040625
2 0.496875 0.4609375 0.0890625 0.0578125
3 0.6546875 0.4640625 0.034375 0.03125
0 0.3921875 0.4765625 0.0984375 0.0828125
0 0.2890625 0.4875 0.084375 0.0703125
1 0.58125 0.496875 0.015625 0.0375
3 0.6625 0.515625 0.05625 0.0453125
2 0.5 0.5328125 0.0921875 0.06875
4 0.73125 0.534375 0.075 0.0640625
1 0.5828125 0.55 0.0625 0.0671875
3 0.6515625 0.5671875 0.0375 0.0296875
0 0.384375 0.56875 0.1046875 0.084375
0 0.275 0.5796875 0.0796875 0.0359375
1 0.5734375 0.609375 0.0328125 0.03125
2 0.475 0.6140625 0.1015625 0.0671875
3 0.653125 0.621875 0.05625 0.05
4 0.725 0.621875 0.0625 0.05625
0 0.36875 0.6328125 0.0859375 0.0296875
0 0.271875 0.6515625 0.071875 0.059375
1 0.571875 0.665625 0.0640625 0.071875
3 0.6359375 0.6796875 0.0296875 0.0234375
0 0.36875 0.690625 0.09375 0.03125
4 0.728125 0.6953125 0.1 0.065625
2 0.46875 0.696875 0.0796875 0.0578125
0 0.2640625 0.725 0.059375 0.028125
1 0.5609375 0.734375 0.0484375 0.0421875
3 0.6421875 0.734375 0.053125 0.05
2 0.459375 0.7625 0.0796875 0.046875
4 0.7234375 0.7671875 0.0625 0.0421875
0 0.353125 0.7703125 0.0953125 0.034375
1 0.5453125 0.771875 0.0375 0.028125
3 0.6234375 0.7828125 0.0328125 0.028125
2 0.4515625 0.834375 0.0640625 0.0421875
1 0.54375 0.8359375 0.065625 0.0703125
3 0.6140625 0.8375 0.0421875 0.04375
4 0.7203125 0.8453125 0.0984375 0.0625
0 0.2734375 0.85 0.0921875 0.0359375
0 0.3515625 0.8671875 0.0890625 0.08125
2 0.4328125 0.8984375 0.0921875 0.0484375
1 0.5171875 0.9046875 0.04375 0.0484375
3 0.603125 0.909375 0.075 0.059375
4 0.725 0.9109375 0.090625 0.0546875
1 0.60625 0.171875 0.0484375 0.053125
3 0.6609375 0.19375 0.05 0.05
4 0.7171875 0.196875 0.0671875 0.05
2 0.5 0.203125 0.0890625 0.065625
1 0.596875 0.2171875 0.0390625 0.0421875
0 0.296875 0.2203125 0.0859375 0.046875
0 0.3828125 0.2484375 0.0765625 0.096875
3 0.65625 0.2484375 0.028125 0.0203125
4 0.721875 0.2546875 0.0796875 0.059375
1 0.596875 0.2546875 0.0390625 0.0234375