0 0.2703125 0.48125 0.0484375 0.025
4 0.3375 0.4859375 0.0375 0.0484375
0 0.3984375 0.490625 0.08125 0.01875
3 0.471875 0.5046875 0.0640625 0.0765625
0 0.7578125 0.5421875 0.028125 0.103125
4 0.525 0.571875 0.0390625 0.040625
1 0.21875 0.575 0.0421875 0.034375
1 0.628125 0.578125 0.040625 0.0390625
0 0.575 0.5796875 0.0640625 0.0265625
0 0.265625 0.5828125 0.0546875 0.01875
4 0.3140625 0.5875 0.040625 0.0609375
1 0.759375 0.6125 0.040625 0.0359375
3 0.4421875 0.621875 0.0390625 0.0328125
0 0.4453125 0.665625 0.0234375 0.046875
4 0.6 0.265625 0.0484375 0.0796875
1 0.34375 0.265625 0.059375 0.0671875
4 0.2765625 0.265625 0.0390625 0.0578125
4 0.4453125 0.7109375 0.0328125 0.0453125
3 0.4375 0.275 0.0828125 0.0796875
4 0.5328125 0.2796875 0.0296875 0.0453125
2 0.225 0.28125 0.0375 0.08125
4 0.65625 0.284375 0.0359375 0.0625
4 0.7375 0.29375 0.0625 0.075
4 0.865625 0.296875 0.0875 0.0859375
1 0.4171875 0.3625 0.028125 0.0359375
3 0.45 0.3640625 0.0328125 0.0359375
4 0.490625 0.3640625 0.0375 0.04375
2 0.3828125 0.36875 0.021875 0.0546875
4 0.5609375 0.384375 0.0375 0.0328125
0 0.5578125 0.421875 0.0234375 0.04375
4 0.634375 0.4515625 0.0484375 0.0640625
3 0.7609375 0.4546875 0.0578125 0.0734375
1 0.6921875 0.459375 0.0578125 0.075
3 0.5546875 0.459375 0.0375 0.0296875
2 0.2328125 0.4609375 0.0390625 0.0375
2 0.8515625 0.4625 0.05625 0.090625