0 0.659375 0.3734375 0.0890625 0.1109375
0 0.7390625 0.3671875 0.040625 0.0703125
0 0.5578125 0.3640625 0.075 0.1296875
0 0.81875 0.321875 0.075 0.1109375
0 0.3921875 0.296875 0.11875 0.0921875
0 0.234375 0.2953125 0.0984375 0.1203125
0 0.609375 0.246875 0.040625 0.0703125
0 0.8015625 0.2390625 0.0546875 0.065625
0 0.5234375 0.221875 0.1 0.09375
0 0.6984375 0.1984375 0.084375 0.1484375
0 0.234375 0.15 0.140625 0.0953125
0 0.415625 0.14375 0.1234375 0.065625
0 0.5796875 0.1140625 0.040625 0.0640625
0 0.45 0.9078125 0.1421875 0.06875
0 0.49375 0.0640625 0.1453125 0.0625
0 0.296875 0.0515625 0.146875 0.059375
0 0.8125 0.0484375 0.0875 0.0828125
0 0.6921875 0.0375 0.1375 0.0703125
0 0.803125 0.8984375 0.1078125 0.125
0 0.5875 0.8953125 0.1328125 0.14375
0 0.703125 0.8765625 0.0859375 0.14375
0 0.253125 0.86875 0.2078125 0.0796875
0 0.503125 0.8265625 0.071875 0.0625
0 0.8359375 0.8125 0.0421875 0.03125
0 0.640625 0.784375 0.109375 0.0546875
0 0.7796875 0.7828125 0.034375 0.06875
0 0.421875 0.771875 0.0671875 0.184375
0 0.5578125 0.721875 0.1140625 0.1125
0 0.221875 0.721875 0.09375 0.078125
0 0.3203125 0.70625 0.065625 0.1328125
0 0.7109375 0.7015625 0.1015625 0.078125
0 0.828125 0.7 0.0578125 0.1140625
0 0.5265625 0.615625 0.0578125 0.1046875
0 0.4421875 0.6140625 0.0625 0.0984375
0 0.375 0.59375 0.0453125 0.059375
0 0.6234375 0.590625 0.05625 0.1125
0 0.2703125 0.578125 0.1265625 0.1171875
0 0.7578125 0.5671875 0.1390625 0.10625
0 0.215625 0.5109375 0.05 0.08125
0 0.5875 0.503125 0.0390625 0.0703125
0 0.253125 0.95 0.1625 0.0390625
0 0.665625 0.4828125 0.06875 0.0828125
0 0.43125 0.4734375 0.06875 0.1109375
0 0.7390625 0.4625 0.0828125 0.1015625
0 0.29375 0.4453125 0.159375 0.04375