0 0.715625 0.7375 0.0390625 0.0546875
0 0.671875 0.7359375 0.03125 0.05625
0 0.628125 0.73125 0.0296875 0.053125
0 0.5359375 0.73125 0.0421875 0.0390625
0 0.4046875 0.7265625 0.0234375 0.05
0 0.575 0.725 0.025 0.0546875
0 0.4390625 0.721875 0.0296875 0.0515625
0 0.3359375 0.71875 0.0640625 0.0453125
0 0.4875 0.71875 0.0453125 0.05
0 0.265625 0.715625 0.0359375 0.0703125
2 0.721875 0.671875 0.0359375 0.0671875
2 0.65625 0.671875 0.03125 0.071875
2 0.59375 0.66875 0.03125 0.0546875
2 0.5296875 0.659375 0.05 0.0640625
2 0.4625 0.6546875 0.040625 0.059375
2 0.35 0.6421875 0.0375 0.065625
2 0.2921875 0.6390625 0.05 0.0546875
2 0.409375 0.634375 0.0421875 0.071875
2 0.721875 0.60625 0.05 0.046875
2 0.603125 0.6046875 0.05625 0.0765625
2 0.6578125 0.5953125 0.03125 0.05625
2 0.5265625 0.584375 0.0421875 0.06875
2 0.4625 0.58125 0.0359375 0.0765625
2 0.26875 0.578125 0.03125 0.05
2 0.321875 0.575 0.0390625 0.0625
2 0.3921875 0.5703125 0.040625 0.0671875
3 0.7296875 0.55 0.040625 0.04375
3 0.6671875 0.5421875 0.0578125 0.0609375
3 0.6046875 0.5296875 0.0375 0.0375
3 0.55 0.515625 0.0578125 0.0625
3 0.4859375 0.509375 0.0453125 0.0515625
3 0.4140625 0.503125 0.05 0.046875
3 0.35625 0.5 0.0375 0.04375
3 0.290625 0.4984375 0.0609375 0.0609375
3 0.7296875 0.4875 0.0671875 0.0578125
3 0.5796875 0.4828125 0.0015625 0.0015625
3 0.6109375 0.471875 0.0375 0.040625
3 0.6625 0.465625 0.0625 0.075
3 0.5546875 0.453125 0.059375 0.0625
3 0.4703125 0.4421875 0.065625 0.059375
3 0.3265625 0.440625 0.046875 0.05
3 0.3984375 0.4359375 0.065625 0.0671875
3 0.2671875 0.4328125 0.065625 0.0609375
1 0.7578125 0.4109375 0.03125 0.046875
1 0.628125 0.3921875 0.0359375 0.0421875
1 0.6953125 0.3890625 0.065625 0.0640625
1 0.509375 0.3796875 0.034375 0.040625
1 0.390625 0.3765625 0.034375 0.0359375
1 0.5671875 0.375 0.0453125 0.0609375
1 0.44375 0.3671875 0.0609375 0.05625
1 0.2484375 0.3671875 0.03125 0.03125
1 0.33125 0.3625 0.0359375 0.0515625
1 0.284375 0.3625 0.028125 0.0453125
1 0.7515625 0.3296875 0.0421875 0.0546875
1 0.628125 0.3171875 0.03125 0.034375
1 0.3171875 0.315625 0.028125 0.034375
1 0.2609375 0.3109375 0.0484375 0.05625
1 0.4921875 0.309375 0.0296875 0.028125
1 0.690625 0.309375 0.053125 0.075
1 0.4375 0.3046875 0.0453125 0.0421875
1 0.375 0.3 0.05625 0.0625
1 0.55 0.2953125 0.071875 0.0609375
4 0.25625 0.240625 0.0390625 0.059375
4 0.325 0.2328125 0.0609375 0.0734375
4 0.4109375 0.2328125 0.0390625 0.0671875
4 0.4921875 0.2296875 0.0359375 0.0671875
4 0.5765625 0.2234375 0.046875 0.06875
4 0.665625 0.2203125 0.059375 0.0828125
4 0.74375 0.209375 0.0609375 0.0640625
4 0.2828125 0.146875 0.0375 0.0453125
4 0.603125 0.1328125 0.05 0.0734375
4 0.425 0.13125 0.0578125 0.0859375
4 0.5203125 0.13125 0.078125 0.0890625
4 0.34375 0.1296875 0.078125 0.0890625
4 0.6828125 0.1265625 0.059375 0.0734375
4 0.746875 0.1203125 0.053125 0.0625
0 0.678125 0.790625 0.0375 0.0484375
0 0.5484375 0.7890625 0.0296875 0.06875
0 0.4859375 0.784375 0.046875 0.0546875
0 0.61875 0.7796875 0.03125 0.05
0 0.45 0.7765625 0.0453125 0.05
0 0.403125 0.775 0.040625 0.04375
0 0.365625 0.765625 0.046875 0.0359375