4 0.7265625 0.709375 0.0515625 0.0546875
4 0.6421875 0.6953125 0.053125 0.0890625
4 0.5546875 0.6859375 0.05 0.0578125
4 0.475 0.684375 0.0546875 0.075
4 0.3984375 0.6765625 0.059375 0.059375
4 0.3046875 0.671875 0.065625 0.0640625
4 0.2375 0.6640625 0.0359375 0.0515625
1 0.53125 0.6140625 0.071875 0.0671875
1 0.6796875 0.6125 0.0515625 0.059375
1 0.3640625 0.6109375 0.065625 0.053125
1 0.4203125 0.609375 0.05 0.04375
1 0.7421875 0.6015625 0.040625 0.046875
1 0.478125 0.6 0.0359375 0.0375
1 0.615625 0.5984375 0.0375 0.0328125
1 0.2453125 0.5953125 0.05 0.0515625
1 0.303125 0.5921875 0.034375 0.0375
1 0.31875 0.5484375 0.05 0.05
1 0.4265625 0.5484375 0.059375 0.05
1 0.5515625 0.5453125 0.0578125 0.0625
1 0.2328125 0.5421875 0.025 0.03125
1 0.271875 0.5421875 0.03125 0.0421875
1 0.4921875 0.534375 0.0296875 0.0296875
1 0.675 0.5328125 0.0609375 0.0578125
1 0.36875 0.5328125 0.0296875 0.0296875
1 0.615625 0.528125 0.028125 0.0296875
1 0.7484375 0.5140625 0.0359375 0.0390625
3 0.2453125 0.4765625 0.0515625 0.0625
3 0.3796875 0.4765625 0.078125 0.075
3 0.459375 0.471875 0.053125 0.0546875
3 0.3109375 0.46875 0.046875 0.046875
3 0.5359375 0.465625 0.071875 0.0640625
3 0.6578125 0.4515625 0.06875 0.0765625
3 0.6046875 0.446875 0.0375 0.0375
3 0.728125 0.434375 0.0625 0.0640625
3 0.2671875 0.409375 0.0640625 0.059375
3 0.3421875 0.409375 0.0421875 0.0484375
3 0.3984375 0.4078125 0.046875 0.0515625
3 0.5375 0.4015625 0.0578125 0.0609375
3 0.475 0.4 0.05 0.0484375
3 0.5984375 0.3875 0.046875 0.0453125
3 0.6671875 0.3796875 0.059375 0.05625
3 0.7328125 0.3671875 0.040625 0.0453125
2 0.375 0.328125 0.0359375 0.075
2 0.2984375 0.325 0.0375 0.065625
2 0.4484375 0.3203125 0.0515625 0.084375
2 0.525 0.3203125 0.040625 0.0765625
2 0.240625 0.31875 0.0328125 0.0515625
2 0.66875 0.30625 0.040625 0.0578125
2 0.73125 0.303125 0.040625 0.0546875
2 0.603125 0.3 0.0578125 0.075
2 0.3953125 0.2578125 0.0359375 0.0765625
2 0.3296875 0.25 0.0390625 0.084375
2 0.265625 0.2453125 0.0625 0.078125
2 0.45625 0.2359375 0.034375 0.0671875
2 0.528125 0.2359375 0.05 0.0734375
2 0.5953125 0.2328125 0.0421875 0.0609375
2 0.7390625 0.2328125 0.0421875 0.0734375
2 0.66875 0.228125 0.03125 0.0765625
0 0.4296875 0.1609375 0.0234375 0.071875
0 0.48125 0.15625 0.0625 0.0625
0 0.315625 0.1546875 0.075 0.0578125
0 0.5859375 0.1546875 0.0328125 0.06875
0 0.2359375 0.1515625 0.0328125 0.0765625
0 0.5390625 0.1515625 0.0484375 0.05625
0 0.6390625 0.1515625 0.05 0.0578125
0 0.3921875 0.15 0.0421875 0.0578125
0 0.7390625 0.15 0.046875 0.0546875
0 0.6921875 0.146875 0.034375 0.0703125
0 0.3421875 0.103125 0.046875 0.05
0 0.63125 0.0921875 0.05 0.059375
0 0.390625 0.0890625 0.0375 0.0609375
0 0.440625 0.0828125 0.046875 0.0625
0 0.7109375 0.0828125 0.040625 0.0625
0 0.55625 0.08125 0.034375 0.0828125
0 0.4859375 0.0796875 0.05625 0.0671875
4 0.715625 0.7859375 0.053125 0.065625
4 0.6453125 0.78125 0.0625 0.0640625
4 0.328125 0.7671875 0.0703125 0.065625
4 0.49375 0.7671875 0.0625 0.08125
4 0.40625 0.7671875 0.0640625 0.075
4 0.575 0.7671875 0.05 0.0625
4 0.2703125 0.753125 0.04375 0.053125