0 0.5296875 0.5953125 0.1734375 0.0796875
0 0.71875 0.5984375 0.153125 0.1734375
0 0.5 0.059375 0.08125 0.06875
0 0.8625 0.6078125 0.0859375 0.1578125
0 0.146875 0.6171875 0.1171875 0.1203125
0 0.29375 0.6234375 0.1484375 0.096875
0 0.4171875 0.7 0.0796875 0.0953125
0 0.16875 0.7703125 0.1375 0.0890625
0 0.7484375 0.775 0.1703125 0.090625
0 0.5359375 0.775 0.1 0.1484375
0 0.3578125 0.8109375 0.15625 0.1421875
0 0.646875 0.8421875 0.078125 0.1953125
0 0.25625 0.925 0.190625 0.0609375
0 0.7953125 0.9359375 0.0703125 0.1015625
0 0.440625 0.940625 0.11875 0.0484375
0 0.4140625 0.1453125 0.153125 0.065625
0 0.7515625 0.1515625 0.11875 0.0796875
0 0.2203125 0.159375 0.1671875 0.08125
0 0.6203125 0.165625 0.159375 0.075
0 0.871875 0.1796875 0.1109375 0.1265625
0 0.178125 0.2421875 0.1234375 0.0609375
0 0.3234375 0.2484375 0.11875 0.0609375
0 0.496875 0.253125 0.090625 0.090625
0 0.628125 0.2625 0.08125 0.0671875
0 0.7453125 0.2859375 0.0859375 0.0921875
0 0.884375 0.303125 0.0859375 0.115625
0 0.3375 0.3828125 0.1640625 0.128125
0 0.5046875 0.3859375 0.0953125 0.1296875
0 0.203125 0.3890625 0.1625 0.109375
0 0.6 0.4171875 0.0875 0.075
0 0.715625 0.4203125 0.1140625 0.1078125
0 0.153125 0.04375 0.125 0.0875
0 0.8484375 0.453125 0.1625 0.0765625
0 0.1953125 0.4984375 0.1625 0.0796875
0 0.3171875 0.5078125 0.1171875 0.1078125
0 0.428125 0.521875 0.084375 0.090625
0 0.3328125 0.053125 0.15625 0.0984375
0 0.81953125 0.05546875 0.1734375 0.1109375