3 0.7265625 0.35 0.059375 0.0640625
1 0.4734375 0.0359375 0.0765625 0.065625
3 0.8078125 0.3625 0.0640625 0.065625
1 0.3984375 0.0359375 0.040625 0.0421875
1 0.203125 0.0390625 0.05 0.059375
3 0.475 0.3984375 0.0609375 0.0546875
3 0.4046875 0.40625 0.04375 0.0453125
3 0.33125 0.4078125 0.06875 0.0671875
1 0.2546875 0.040625 0.040625 0.046875
3 0.2484375 0.4109375 0.06875 0.075
1 0.5609375 0.040625 0.0515625 0.0609375
3 0.184375 0.41875 0.0421875 0.059375
3 0.6078125 0.421875 0.0625 0.071875
3 0.5390625 0.421875 0.053125 0.05625
1 0.6265625 0.0421875 0.0578125 0.0625
3 0.70625 0.4296875 0.10625 0.0953125
1 0.3296875 0.0421875 0.075 0.0765625
3 0.8 0.4421875 0.059375 0.06875
1 0.75 0.0453125 0.0671875 0.065625
2 0.409375 0.484375 0.059375 0.0828125
2 0.4890625 0.4953125 0.0484375 0.0796875
2 0.1890625 0.4984375 0.040625 0.075
2 0.2609375 0.5015625 0.04375 0.0890625
1 0.684375 0.05 0.0453125 0.046875
2 0.3390625 0.509375 0.0625 0.1078125
2 0.553125 0.5125 0.0671875 0.096875
2 0.625 0.5171875 0.053125 0.1078125
2 0.7015625 0.5296875 0.053125 0.0984375
2 0.7890625 0.546875 0.0625 0.1015625
1 0.81875 0.05625 0.04375 0.0453125
2 0.3875 0.5703125 0.046875 0.0890625
2 0.2890625 0.5703125 0.0484375 0.071875
2 0.221875 0.5703125 0.0515625 0.084375
2 0.46875 0.575 0.053125 0.075
2 0.3390625 0.5875 0.0328125 0.0828125
2 0.5625 0.5953125 0.04375 0.0671875
2 0.6375 0.6140625 0.0359375 0.0796875
2 0.7015625 0.6265625 0.0390625 0.08125
2 0.7828125 0.6375 0.053125 0.09375
0 0.240625 0.665625 0.040625 0.08125
0 0.309375 0.671875 0.0546875 0.0703125
0 0.184375 0.675 0.0453125 0.0703125
0 0.53125 0.6828125 0.08125 0.084375
0 0.45625 0.684375 0.05625 0.09375
0 0.371875 0.690625 0.0640625 0.065625
0 0.6546875 0.7171875 0.121875 0.059375
0 0.7734375 0.7296875 0.0671875 0.0890625
0 0.2234375 0.775 0.0359375 0.1
0 0.3296875 0.7859375 0.0921875 0.0859375
0 0.4203125 0.790625 0.071875 0.1
0 0.540625 0.7921875 0.0984375 0.053125
0 0.65 0.8 0.059375 0.0875
0 0.7703125 0.81875 0.1265625 0.04375
0 0.2296875 0.86875 0.0859375 0.046875
0 0.359375 0.871875 0.0625 0.0546875
0 0.44375 0.8765625 0.046875 0.053125
0 0.6421875 0.8890625 0.075 0.0703125
0 0.54375 0.890625 0.0953125 0.0453125
0 0.75625 0.896875 0.1046875 0.0578125
0 0.296875 0.9390625 0.0484375 0.0609375
0 0.38125 0.9453125 0.0453125 0.0609375
0 0.534375 0.9640625 0.0953125 0.046875
0 0.634375 0.96875 0.06875 0.034375
1 0.5625 0.103125 0.0640625 0.0453125
1 0.484375 0.1078125 0.075 0.0640625
1 0.284375 0.109375 0.065625 0.0734375
1 0.415625 0.1109375 0.053125 0.0421875
1 0.2328125 0.1140625 0.05625 0.040625
1 0.7203125 0.11875 0.0390625 0.06875
1 0.64375 0.11875 0.078125 0.075
1 0.34375 0.1203125 0.05 0.0390625
1 0.790625 0.128125 0.0546875 0.065625
4 0.51875 0.1921875 0.053125 0.06875
4 0.33125 0.1953125 0.0546875 0.065625
4 0.4125 0.196875 0.0671875 0.08125
4 0.246875 0.2 0.059375 0.0625
4 0.6203125 0.2015625 0.053125 0.0625
4 0.709375 0.2015625 0.053125 0.065625
4 0.809375 0.2046875 0.0640625 0.06875
4 0.5140625 0.2484375 0.0453125 0.0546875
4 0.4390625 0.2640625 0.0515625 0.0578125
4 0.5875 0.2640625 0.05 0.05
4 0.7375 0.265625 0.03125 0.0359375
4 0.2515625 0.26875 0.05625 0.053125
4 0.68125 0.271875 0.0625 0.0640625
4 0.3375 0.2734375 0.05 0.0640625
4 0.8046875 0.2875 0.059375 0.059375
3 0.425 0.328125 0.0875 0.0734375
3 0.496875 0.3328125 0.059375 0.08125
3 0.1984375 0.3359375 0.0515625 0.06875
3 0.5734375 0.3359375 0.059375 0.0828125
3 0.259375 0.3375 0.0703125 0.0703125
3 0.334375 0.3421875 0.075 0.0546875
3 0.65625 0.3453125 0.0765625 0.075