3 0.2734375 0.65 0.059375 0.0640625
1 0.5265625 0.9640625 0.0765625 0.065625
3 0.1921875 0.6375 0.0640625 0.065625
1 0.6015625 0.9640625 0.040625 0.0421875
1 0.796875 0.9609375 0.05 0.059375
3 0.525 0.6015625 0.0609375 0.0546875
3 0.5953125 0.59375 0.04375 0.0453125
3 0.66875 0.5921875 0.06875 0.0671875
1 0.7453125 0.959375 0.040625 0.046875
3 0.7515625 0.5890625 0.06875 0.075
1 0.4390625 0.959375 0.0515625 0.0609375
3 0.815625 0.58125 0.0421875 0.059375
3 0.3921875 0.578125 0.0625 0.071875
3 0.4609375 0.578125 0.053125 0.05625
1 0.3734375 0.9578125 0.0578125 0.0625
3 0.29375 0.5703125 0.10625 0.0953125
1 0.6703125 0.9578125 0.075 0.0765625
3 0.2 0.5578125 0.059375 0.06875
1 0.25 0.9546875 0.0671875 0.065625
2 0.590625 0.515625 0.059375 0.0828125
2 0.5109375 0.5046875 0.0484375 0.0796875
2 0.8109375 0.5015625 0.040625 0.075
2 0.7390625 0.4984375 0.04375 0.0890625
1 0.315625 0.95 0.0453125 0.046875
2 0.6609375 0.490625 0.0625 0.1078125
2 0.446875 0.4875 0.0671875 0.096875
2 0.375 0.4828125 0.053125 0.1078125
2 0.2984375 0.4703125 0.053125 0.0984375
2 0.2109375 0.453125 0.0625 0.1015625
1 0.18125 0.94375 0.04375 0.0453125
2 0.6125 0.4296875 0.046875 0.0890625
2 0.7109375 0.4296875 0.0484375 0.071875
2 0.778125 0.4296875 0.0515625 0.084375
2 0.53125 0.425 0.053125 0.075
2 0.6609375 0.4125 0.0328125 0.0828125
2 0.4375 0.4046875 0.04375 0.0671875
2 0.3625 0.3859375 0.0359375 0.0796875
2 0.2984375 0.3734375 0.0390625 0.08125
2 0.2171875 0.3625 0.053125 0.09375
0 0.759375 0.334375 0.040625 0.08125
0 0.690625 0.328125 0.0546875 0.0703125
0 0.815625 0.325 0.0453125 0.0703125
0 0.46875 0.3171875 0.08125 0.084375
0 0.54375 0.315625 0.05625 0.09375
0 0.628125 0.309375 0.0640625 0.065625
0 0.3453125 0.2828125 0.121875 0.059375
0 0.2265625 0.2703125 0.0671875 0.0890625
0 0.7765625 0.225 0.0359375 0.1
0 0.6703125 0.2140625 0.0921875 0.0859375
0 0.5796875 0.209375 0.071875 0.1
0 0.459375 0.2078125 0.0984375 0.053125
0 0.35 0.2 0.059375 0.0875
0 0.2296875 0.18125 0.1265625 0.04375
0 0.7703125 0.13125 0.0859375 0.046875
0 0.640625 0.128125 0.0625 0.0546875
0 0.55625 0.1234375 0.046875 0.053125
0 0.3578125 0.1109375 0.075 0.0703125
0 0.45625 0.109375 0.0953125 0.0453125
0 0.24375 0.103125 0.1046875 0.0578125
0 0.703125 0.0609375 0.0484375 0.0609375
0 0.61875 0.0546875 0.0453125 0.0609375
0 0.465625 0.0359375 0.0953125 0.046875
0 0.365625 0.03125 0.06875 0.034375
1 0.4375 0.896875 0.0640625 0.0453125
1 0.515625 0.8921875 0.075 0.0640625
1 0.715625 0.890625 0.065625 0.0734375
1 0.584375 0.8890625 0.053125 0.0421875
1 0.7671875 0.8859375 0.05625 0.040625
1 0.2796875 0.88125 0.0390625 0.06875
1 0.35625 0.88125 0.078125 0.075
1 0.65625 0.8796875 0.05 0.0390625
1 0.209375 0.871875 0.0546875 0.065625
4 0.48125 0.8078125 0.053125 0.06875
4 0.66875 0.8046875 0.0546875 0.065625
4 0.5875 0.803125 0.0671875 0.08125
4 0.753125 0.8 0.059375 0.0625
4 0.3796875 0.7984375 0.053125 0.0625
4 0.290625 0.7984375 0.053125 0.065625
4 0.190625 0.7953125 0.0640625 0.06875
4 0.4859375 0.7515625 0.0453125 0.0546875
4 0.5609375 0.7359375 0.0515625 0.0578125
4 0.4125 0.7359375 0.05 0.05
4 0.2625 0.734375 0.03125 0.0359375
4 0.7484375 0.73125 0.05625 0.053125
4 0.31875 0.728125 0.0625 0.0640625
4 0.6625 0.7265625 0.05 0.0640625
4 0.1953125 0.7125 0.059375 0.059375
3 0.575 0.671875 0.0875 0.0734375
3 0.503125 0.6671875 0.059375 0.08125
3 0.8015625 0.6640625 0.0515625 0.06875
3 0.4265625 0.6640625 0.059375 0.0828125
3 0.740625 0.6625 0.0703125 0.0703125
3 0.665625 0.6578125 0.075 0.0546875
3 0.34375 0.6546875 0.0765625 0.075