4 0.734375 0.6234375 0.0515625 0.0609375
4 0.440625 0.628125 0.06875 0.0625
4 0.55625 0.6375 0.084375 0.0484375
4 0.659375 0.6390625 0.0484375 0.053125
4 0.3140625 0.6734375 0.0578125 0.0546875
4 0.478125 0.0671875 0.028125 0.0515625
4 0.209375 0.6796875 0.0453125 0.053125
4 0.4390625 0.690625 0.034375 0.0421875
4 0.80625 0.7046875 0.0453125 0.0453125
4 0.734375 0.728125 0.0609375 0.0734375
4 0.521875 0.728125 0.065625 0.0765625
4 0.628125 0.7328125 0.0765625 0.0828125
4 0.328125 0.0734375 0.040625 0.0578125
4 0.375 0.740625 0.0671875 0.0953125
4 0.25625 0.74375 0.053125 0.0578125
4 0.8703125 0.7484375 0.071875 0.0640625
4 0.7578125 0.0765625 0.0640625 0.0734375
4 0.5359375 0.078125 0.0546875 0.0734375
4 0.8796875 0.0796875 0.046875 0.08125
4 0.6609375 0.803125 0.0421875 0.04375
4 0.809375 0.80625 0.034375 0.065625
4 0.209375 0.8109375 0.0609375 0.0625
4 0.8640625 0.8453125 0.05 0.0734375
4 0.409375 0.084375 0.0734375 0.0734375
4 0.4421875 0.846875 0.075 0.1109375
4 0.584375 0.846875 0.078125 0.1171875
4 0.290625 0.85625 0.08125 0.1015625
4 0.725 0.8609375 0.0796875 0.134375
4 0.2484375 0.0890625 0.065625 0.1046875
4 0.834375 0.940625 0.046875 0.0515625
4 0.6546875 0.940625 0.0609375 0.0625
4 0.4421875 0.9453125 0.06875 0.0546875
4 0.5484375 0.946875 0.0625 0.0484375
4 0.2703125 0.95625 0.0671875 0.0453125
4 0.6140625 0.125 0.05 0.046875
4 0.6953125 0.1859375 0.0828125 0.084375
4 0.6296875 0.1890625 0.071875 0.0890625
4 0.5609375 0.1921875 0.0640625 0.0734375
4 0.3625 0.19375 0.046875 0.0734375
4 0.3125 0.1953125 0.03125 0.0453125
4 0.46875 0.196875 0.059375 0.08125
4 0.825 0.2 0.096875 0.0859375
4 0.2421875 0.2109375 0.078125 0.09375
4 0.6046875 0.253125 0.0328125 0.0390625
4 0.7046875 0.259375 0.0375 0.0421875
4 0.80625 0.265625 0.0453125 0.0390625
4 0.475 0.265625 0.046875 0.0484375
4 0.7484375 0.2921875 0.06875 0.0734375
4 0.6453125 0.29375 0.0578125 0.09375
4 0.5359375 0.2953125 0.06875 0.1015625
4 0.3515625 0.2953125 0.040625 0.0421875
4 0.875 0.30625 0.0453125 0.065625
4 0.4171875 0.3109375 0.0640625 0.0828125
4 0.2796875 0.33125 0.0953125 0.071875
4 0.8046875 0.3421875 0.0296875 0.0421875
4 0.903125 0.39375 0.021875 0.0578125
4 0.64375 0.3984375 0.0328125 0.040625
4 0.76875 0.4015625 0.0484375 0.040625
4 0.8421875 0.40625 0.0625 0.0796875
4 0.70625 0.4125 0.0734375 0.0796875
4 0.5796875 0.4140625 0.0609375 0.1
4 0.40625 0.4171875 0.04375 0.0453125
4 0.175 0.4234375 0.0375 0.0609375
4 0.2796875 0.4234375 0.028125 0.059375
4 0.4640625 0.4375 0.0578125 0.1015625
4 0.603125 0.04375 0.040625 0.0453125
4 0.3484375 0.4515625 0.053125 0.0765625
4 0.23125 0.45625 0.053125 0.096875
4 0.8375 0.4921875 0.046875 0.0546875
4 0.471875 0.515625 0.05 0.0453125
4 0.6 0.51875 0.046875 0.0453125
4 0.8828125 0.534375 0.0640625 0.08125
4 0.3890625 0.54375 0.065625 0.0640625
4 0.7796875 0.546875 0.0578125 0.0703125
4 0.65625 0.5546875 0.0578125 0.0671875
4 0.525 0.5625 0.0765625 0.0734375
4 0.30625 0.5640625 0.0375 0.0484375
4 0.234375 0.5859375 0.059375 0.1046875
4 0.66875 0.059375 0.059375 0.0671875
4 0.81875 0.61875 0.0515625 0.0703125