0 0.20625 0.575 0.05 0.14375
0 0.7078125 0.6125 0.065625 0.05
0 0.4859375 0.6375 0.125 0.05625
0 0.628125 0.70625 0.125 0.0796875
0 0.4796875 0.721875 0.165625 0.065625
0 0.859375 0.071875 0.0203125 0.0875
0 0.2421875 0.746875 0.134375 0.10625
0 0.765625 0.075 0.11875 0.0953125
0 0.5734375 0.078125 0.065625 0.0734375
0 0.4578125 0.078125 0.0734375 0.0484375
0 0.834375 0.815625 0.04375 0.090625
0 0.25625 0.821875 0.090625 0.0328125
0 0.7453125 0.834375 0.0515625 0.1390625
0 0.6140625 0.840625 0.1 0.0921875
0 0.2921875 0.903125 0.2625 0.0765625
0 0.353125 0.0890625 0.0703125 0.1640625
0 0.2625 0.09375 0.1125 0.1328125
0 0.675 0.09375 0.0734375 0.1171875
0 0.7546875 0.140625 0.059375 0.025
0 0.5140625 0.1625 0.0453125 0.053125
0 0.8171875 0.178125 0.1 0.059375
0 0.575 0.196875 0.08125 0.078125
0 0.6796875 0.21875 0.059375 0.11875
0 0.2625 0.2203125 0.0546875 0.0734375
0 0.34375 0.2203125 0.0515625 0.0921875
0 0.4609375 0.2328125 0.05625 0.109375
0 0.19375 0.259375 0.08125 0.109375
0 0.55 0.2953125 0.0546875 0.0703125
0 0.3078125 0.309375 0.0703125 0.078125
0 0.7046875 0.35 0.078125 0.1546875
0 0.615625 0.359375 0.0953125 0.1265625
0 0.359375 0.3640625 0.0796875 0.1203125
0 0.8328125 0.3671875 0.075 0.1515625
0 0.471875 0.3828125 0.0375 0.125
0 0.2109375 0.4046875 0.06875 0.10625
0 0.3921875 0.45625 0.05625 0.0765625
0 0.5984375 0.5015625 0.065625 0.0890625
0 0.6703125 0.534375 0.121875 0.115625
0 0.496875 0.5359375 0.1 0.096875
0 0.2984375 0.5578125 0.046875 0.1578125
0 0.396875 0.56875 0.0484375 0.1046875