1 0.4375 0.640625 0.05 0.053125
1 0.35 0.6453125 0.028125 0.0328125
1 0.665625 0.6546875 0.0640625 0.0671875
1 0.2546875 0.65625 0.025 0.0421875
1 0.5734375 0.065625 0.0890625 0.0875
1 0.759375 0.065625 0.0765625 0.078125
1 0.803125 0.671875 0.0546875 0.059375
1 0.5125 0.675 0.06875 0.06875
1 0.878125 0.678125 0.040625 0.0421875
1 0.2046875 0.68125 0.0265625 0.03125
1 0.8328125 0.06875 0.040625 0.05
1 0.35 0.715625 0.05 0.0578125
1 0.265625 0.721875 0.04375 0.0359375
1 0.73125 0.7296875 0.04375 0.05625
1 0.4296875 0.7390625 0.0296875 0.04375
1 0.86875 0.7515625 0.0734375 0.06875
1 0.6359375 0.7578125 0.0640625 0.0609375
1 0.196875 0.7578125 0.0640625 0.084375
1 0.3765625 0.075 0.08125 0.0765625
1 0.496875 0.7640625 0.05625 0.053125
1 0.678125 0.0765625 0.03125 0.040625
1 0.3703125 0.7703125 0.0328125 0.03125
1 0.465625 0.078125 0.0796875 0.06875
1 0.3015625 0.7859375 0.0375 0.0359375
1 0.7125 0.821875 0.05 0.065625
1 0.43125 0.825 0.0359375 0.03125
1 0.20625 0.8265625 0.04375 0.040625
1 0.609375 0.8296875 0.0546875 0.05
1 0.3453125 0.834375 0.084375 0.05625
1 0.8171875 0.8390625 0.0546875 0.05625
1 0.2328125 0.084375 0.0609375 0.084375
1 0.2171875 0.884375 0.08125 0.0578125
1 0.8828125 0.8875 0.04375 0.0640625
1 0.6296875 0.8921875 0.046875 0.04375
1 0.3734375 0.8921875 0.040625 0.0328125
1 0.553125 0.921875 0.075 0.0703125
1 0.778125 0.9234375 0.04375 0.0515625
1 0.6921875 0.928125 0.046875 0.05625
1 0.44375 0.93125 0.059375 0.078125
1 0.840625 0.94375 0.04375 0.05
1 0.296875 0.9640625 0.0734375 0.0671875
1 0.621875 0.9734375 0.046875 0.05
1 0.7015625 0.1328125 0.05 0.0390625
1 0.34375 0.1421875 0.040625 0.046875
1 0.878125 0.159375 0.053125 0.0640625
1 0.7734375 0.1703125 0.0703125 0.065625
1 0.6546875 0.1890625 0.0515625 0.05625
1 0.509375 0.19375 0.0265625 0.0453125
1 0.559375 0.2 0.065625 0.0671875
1 0.38125 0.2046875 0.0375 0.05
1 0.4453125 0.2078125 0.0609375 0.0703125
1 0.30625 0.2203125 0.0671875 0.0671875
1 0.2390625 0.2203125 0.03125 0.046875
1 0.1890625 0.228125 0.05 0.06875
1 0.8125 0.23125 0.0484375 0.046875
1 0.6859375 0.2484375 0.028125 0.03125
1 0.5296875 0.2640625 0.0578125 0.040625
1 0.45625 0.271875 0.0625 0.0375
1 0.859375 0.290625 0.0421875 0.06875
1 0.35625 0.296875 0.0484375 0.04375
1 0.7296875 0.296875 0.0578125 0.0734375
1 0.25 0.3046875 0.0890625 0.071875
1 0.15625 0.3125 0.0359375 0.0375
1 0.6078125 0.3125 0.0609375 0.071875
1 0.490625 0.3234375 0.05625 0.0625
1 0.359375 0.353125 0.0625 0.059375
1 0.75625 0.35625 0.0234375 0.0296875
1 0.65625 0.378125 0.0234375 0.0234375
1 0.2125 0.378125 0.0546875 0.0609375
1 0.8734375 0.3828125 0.0375 0.0484375
1 0.53125 0.3890625 0.034375 0.034375
1 0.425 0.40625 0.028125 0.028125
1 0.809375 0.4140625 0.0546875 0.059375
1 0.33125 0.4234375 0.03125 0.0328125
1 0.7078125 0.4265625 0.0765625 0.0578125
1 0.590625 0.446875 0.0609375 0.0609375
1 0.4859375 0.465625 0.0609375 0.0734375
1 0.4125 0.471875 0.025 0.028125
1 0.340625 0.478125 0.0453125 0.053125
1 0.8484375 0.4796875 0.0609375 0.0609375
1 0.2046875 0.4890625 0.053125 0.0734375
1 0.7390625 0.49375 0.0453125 0.046875
1 0.5703125 0.540625 0.0859375 0.065625
1 0.38125 0.5453125 0.0375 0.0375
1 0.509375 0.5515625 0.028125 0.03125
1 0.6765625 0.5515625 0.05625 0.071875
1 0.1953125 0.55625 0.040625 0.0421875
1 0.26875 0.559375 0.0421875 0.046875
1 0.871875 0.5609375 0.0328125 0.0421875
1 0.8015625 0.5640625 0.0640625 0.0578125
1 0.44375 0.56875 0.0609375 0.065625
1 0.5984375 0.603125 0.053125 0.046875
1 0.31875 0.6125 0.046875 0.071875
1 0.7390625 0.621875 0.0453125 0.040625
1 0.1984375 0.6265625 0.0578125 0.06875