0 0.340625 0.6265625 0.0890625 0.1109375
0 0.2609375 0.6328125 0.040625 0.0703125
0 0.4421875 0.6359375 0.075 0.1296875
0 0.18125 0.678125 0.075 0.1109375
0 0.6078125 0.703125 0.11875 0.0921875
0 0.765625 0.7046875 0.0984375 0.1203125
0 0.390625 0.753125 0.040625 0.0703125
0 0.1984375 0.7609375 0.0546875 0.065625
0 0.4765625 0.778125 0.1 0.09375
0 0.3015625 0.8015625 0.084375 0.1484375
0 0.765625 0.85 0.140625 0.0953125
0 0.584375 0.85625 0.1234375 0.065625
0 0.4203125 0.8859375 0.040625 0.0640625
0 0.55 0.0921875 0.1421875 0.06875
0 0.50625 0.9359375 0.1453125 0.0625
0 0.703125 0.9484375 0.146875 0.059375
0 0.1875 0.9515625 0.0875 0.0828125
0 0.3078125 0.9625 0.1375 0.0703125
0 0.196875 0.1015625 0.1078125 0.125
0 0.4125 0.1046875 0.1328125 0.14375
0 0.296875 0.1234375 0.0859375 0.14375
0 0.746875 0.13125 0.2078125 0.0796875
0 0.496875 0.1734375 0.071875 0.0625
0 0.1640625 0.1875 0.0421875 0.03125
0 0.359375 0.215625 0.109375 0.0546875
0 0.2203125 0.2171875 0.034375 0.06875
0 0.578125 0.228125 0.0671875 0.184375
0 0.4421875 0.278125 0.1140625 0.1125
0 0.778125 0.278125 0.09375 0.078125
0 0.6796875 0.29375 0.065625 0.1328125
0 0.2890625 0.2984375 0.1015625 0.078125
0 0.171875 0.3 0.0578125 0.1140625
0 0.4734375 0.384375 0.0578125 0.1046875
0 0.5578125 0.3859375 0.0625 0.0984375
0 0.625 0.40625 0.0453125 0.059375
0 0.3765625 0.409375 0.05625 0.1125
0 0.7296875 0.421875 0.1265625 0.1171875
0 0.2421875 0.4328125 0.1390625 0.10625
0 0.784375 0.4890625 0.05 0.08125
0 0.4125 0.496875 0.0390625 0.0703125
0 0.746875 0.05 0.1625 0.0390625
0 0.334375 0.5171875 0.06875 0.0828125
0 0.56875 0.5265625 0.06875 0.1109375
0 0.2609375 0.5375 0.0828125 0.1015625
0 0.70625 0.5546875 0.159375 0.04375