3 0.278125 0.4859375 0.0328125 0.04375
2 0.9375 0.5203125 0.03125 0.0734375
2 0.371875 0.525 0.0359375 0.0390625
2 0.88125 0.525 0.034375 0.08125
2 0.8265625 0.53125 0.0390625 0.0515625
2 0.765625 0.5359375 0.0296875 0.0578125
2 0.7046875 0.5390625 0.0390625 0.075
2 0.4921875 0.5421875 0.040625 0.0375
2 0.640625 0.5453125 0.0328125 0.06875
2 0.5734375 0.5625 0.0515625 0.0640625
2 0.409375 0.5640625 0.0375 0.053125
2 0.321875 0.571875 0.0484375 0.0671875
2 0.2484375 0.575 0.0546875 0.08125
2 0.1703125 0.5796875 0.046875 0.0796875
2 0.9140625 0.5953125 0.034375 0.0625
2 0.8625 0.603125 0.040625 0.0625
2 0.796875 0.6109375 0.0328125 0.0671875
2 0.734375 0.6171875 0.0359375 0.0703125
2 0.6734375 0.6234375 0.0375 0.065625
2 0.5578125 0.6265625 0.040625 0.0671875
2 0.4890625 0.628125 0.040625 0.06875
2 0.6203125 0.6296875 0.0359375 0.071875
2 0.425 0.634375 0.0375 0.078125
2 0.3015625 0.64375 0.034375 0.0734375
2 0.3640625 0.6453125 0.0328125 0.0671875
2 0.215625 0.653125 0.0359375 0.0703125
0 0.9109375 0.6734375 0.0328125 0.0421875
0 0.8359375 0.6734375 0.021875 0.0703125
0 0.74375 0.678125 0.0296875 0.059375
0 0.784375 0.68125 0.028125 0.05625
0 0.66875 0.6890625 0.01875 0.06875
0 0.615625 0.6890625 0.03125 0.0578125
0 0.584375 0.690625 0.034375 0.053125
0 0.703125 0.6921875 0.0234375 0.05
0 0.503125 0.69375 0.05625 0.028125
0 0.4203125 0.7015625 0.05625 0.0234375
0 0.55625 0.7015625 0.0234375 0.0453125
0 0.35 0.709375 0.0609375 0.025
0 0.2734375 0.7125 0.0546875 0.0296875
0 0.934375 0.7140625 0.0375 0.0546875
0 0.196875 0.715625 0.065625 0.025
1 0.775 0.278125 0.065625 0.0828125
1 0.3984375 0.2828125 0.0953125 0.0921875
1 0.5703125 0.284375 0.06875 0.0796875
1 0.246875 0.2875 0.078125 0.084375
1 0.6328125 0.2890625 0.0296875 0.046875
1 0.903125 0.290625 0.0609375 0.08125
1 0.4828125 0.2953125 0.05 0.0640625
1 0.8359375 0.296875 0.0453125 0.0421875
1 0.6875 0.2984375 0.0484375 0.04375
1 0.3109375 0.309375 0.0421875 0.040625
1 0.1609375 0.315625 0.059375 0.0421875
4 0.51875 0.346875 0.0296875 0.040625
4 0.7578125 0.3484375 0.0296875 0.0265625
4 0.80625 0.35 0.025 0.0359375
4 0.8734375 0.353125 0.034375 0.0328125
4 0.615625 0.353125 0.03125 0.0453125
4 0.2703125 0.353125 0.0359375 0.0375
4 0.6828125 0.3546875 0.025 0.0359375
4 0.721875 0.3734375 0.053125 0.0671875
4 0.8390625 0.375 0.0421875 0.065625
4 0.5640625 0.3765625 0.0640625 0.059375
4 0.478125 0.378125 0.05 0.059375
4 0.3140625 0.38125 0.0484375 0.0609375
4 0.9015625 0.38125 0.0453125 0.04375
4 0.3875 0.38125 0.0453125 0.0609375
4 0.6515625 0.3828125 0.0375 0.0390625
4 0.7828125 0.3828125 0.0296875 0.0375
4 0.2328125 0.3859375 0.04375 0.06875
4 0.1671875 0.3890625 0.0515625 0.0484375
3 0.91875 0.43125 0.0484375 0.0515625
3 0.390625 0.434375 0.0421875 0.0421875
3 0.8078125 0.4359375 0.0515625 0.0578125
3 0.3015625 0.440625 0.04375 0.040625
3 0.865625 0.4421875 0.0375 0.0328125
3 0.6734375 0.4453125 0.0546875 0.059375
3 0.7546875 0.45 0.04375 0.0453125
3 0.5359375 0.4546875 0.05625 0.06875
3 0.6078125 0.45625 0.0453125 0.040625
3 0.4484375 0.4609375 0.053125 0.0671875
3 0.359375 0.475 0.0375 0.04375
3 0.1765625 0.4765625 0.078125 0.0734375