1 0.271875 0.5375 0.08125 0.075
0 0.353125 0.54375 0.09375 0.0546875
3 0.68125 0.5625 0.059375 0.0859375
0 0.4921875 0.5625 0.0875 0.084375
1 0.425 0.5703125 0.05 0.0640625
0 0.609375 0.5796875 0.08125 0.0734375
1 0.553125 0.603125 0.034375 0.05
0 0.3609375 0.6109375 0.08125 0.075
0 0.4734375 0.6296875 0.059375 0.0921875
1 0.29375 0.646875 0.0453125 0.065625
0 0.4328125 0.65625 0.040625 0.1078125
1 0.5171875 0.6953125 0.04375 0.0421875
1 0.43125 0.740625 0.040625 0.0484375
1 0.4140625 0.296875 0.0515625 0.06875
0 0.3265625 0.3171875 0.0953125 0.05
0 0.478125 0.3265625 0.0734375 0.090625
3 0.2171875 0.33125 0.115625 0.10625
3 0.703125 0.4078125 0.1140625 0.096875
0 0.5921875 0.4109375 0.1125 0.05625
2 0.5046875 0.421875 0.06875 0.1203125