2 0.584375 0.596875 0.065625 0.0828125
2 0.378125 0.6 0.04375 0.078125
2 0.25 0.6046875 0.04375 0.0796875
2 0.75625 0.0640625 0.090625 0.1109375
2 0.81875 0.6625 0.0671875 0.1171875
2 0.4734375 0.665625 0.053125 0.0890625
2 0.6640625 0.0671875 0.0703125 0.1078125
2 0.7296875 0.6734375 0.078125 0.109375
2 0.1515625 0.675 0.0375 0.05
2 0.6421875 0.6796875 0.0734375 0.1171875
2 0.46875 0.0671875 0.0765625 0.103125
2 0.578125 0.68125 0.0359375 0.0828125
2 0.2640625 0.684375 0.0421875 0.0625
2 0.3609375 0.684375 0.040625 0.0671875
2 0.5234375 0.696875 0.0484375 0.115625
2 0.3609375 0.06875 0.0921875 0.1125
2 0.3234375 0.7 0.0453125 0.1125
2 0.4140625 0.7 0.05 0.1359375
2 0.2109375 0.7015625 0.046875 0.1
2 0.24375 0.746875 0.03125 0.053125
2 0.63125 0.7671875 0.053125 0.0875
2 0.4625 0.784375 0.053125 0.0921875
2 0.321875 0.7890625 0.040625 0.06875
2 0.1578125 0.790625 0.03125 0.0640625
2 0.2328125 0.0828125 0.0640625 0.1328125
2 0.6984375 0.8296875 0.0828125 0.13125
2 0.8109375 0.8375 0.0703125 0.115625
2 0.54375 0.8375 0.0796875 0.125
2 0.2390625 0.8453125 0.065625 0.134375
2 0.3875 0.8484375 0.059375 0.125
2 0.7265625 0.928125 0.046875 0.0640625
2 0.80625 0.9296875 0.059375 0.0703125
2 0.625 0.934375 0.0484375 0.059375
2 0.3046875 0.9359375 0.059375 0.071875
2 0.4484375 0.9359375 0.0703125 0.065625
2 0.5359375 0.9390625 0.0625 0.0703125
2 0.18125 0.946875 0.046875 0.0703125
2 0.553125 0.096875 0.06875 0.084375
2 0.2828125 0.146875 0.059375 0.0859375
2 0.425 0.1484375 0.0421875 0.0640625
2 0.5578125 0.1640625 0.046875 0.0609375
2 0.1484375 0.1734375 0.053125 0.10625
2 0.7265625 0.1734375 0.0671875 0.1
2 0.615625 0.1796875 0.08125 0.1
2 0.49375 0.1828125 0.0625 0.1078125
2 0.81875 0.184375 0.06875 0.1328125
2 0.35625 0.196875 0.1015625 0.0875
2 0.20625 0.2125 0.090625 0.1296875
2 0.4359375 0.0234375 0.04375 0.046875
2 0.5453125 0.246875 0.0546875 0.0921875
2 0.596875 0.2515625 0.05 0.0671875
2 0.6828125 0.2515625 0.0546875 0.059375
2 0.4125 0.2625 0.065625 0.0921875
2 0.284375 0.271875 0.0546875 0.078125
2 0.1703125 0.3 0.059375 0.0828125
2 0.7421875 0.303125 0.0671875 0.096875
2 0.8234375 0.3046875 0.0546875 0.0828125
2 0.671875 0.3140625 0.046875 0.059375
2 0.6171875 0.3171875 0.065625 0.0953125
2 0.465625 0.3296875 0.0875 0.109375
2 0.3453125 0.3484375 0.059375 0.11875
2 0.2359375 0.35625 0.0703125 0.1109375
2 0.740625 0.3859375 0.0234375 0.0703125
2 0.3140625 0.0390625 0.053125 0.078125
2 0.615625 0.3984375 0.0625 0.0921875
2 0.6921875 0.4046875 0.0453125 0.103125
2 0.803125 0.40625 0.05 0.0875
2 0.45625 0.41875 0.0578125 0.0890625
2 0.5328125 0.4203125 0.053125 0.1015625
2 0.3890625 0.425 0.04375 0.0890625
2 0.3125 0.428125 0.053125 0.0796875
2 0.2421875 0.44375 0.040625 0.0859375
2 0.1546875 0.44375 0.0390625 0.0796875
2 0.765625 0.5109375 0.0421875 0.109375
2 0.6671875 0.5109375 0.05 0.0984375
2 0.565625 0.5171875 0.059375 0.103125
2 0.4515625 0.5296875 0.05625 0.1046875
2 0.3171875 0.5328125 0.0765625 0.1546875
2 0.184375 0.5328125 0.0703125 0.1328125
2 0.6796875 0.590625 0.0390625 0.0703125
2 0.4984375 0.5921875 0.0515625 0.078125