4 0.4453125 0.56875 0.0578125 0.06875
1 0.36875 0.5765625 0.0796875 0.0921875
3 0.2796875 0.584375 0.0703125 0.1015625
4 0.89375 0.3359375 0.0484375 0.08125
4 0.4890625 0.3375 0.065625 0.1015625
1 0.809375 0.3375 0.0765625 0.0625
3 0.6859375 0.34375 0.0921875 0.0921875
4 0.56875 0.353125 0.0390625 0.0640625
2 0.9640625 0.3578125 0.0625 0.10625
4 0.4140625 0.3609375 0.05 0.0859375
4 0.30625 0.365625 0.0703125 0.1078125
4 0.1640625 0.3734375 0.084375 0.1046875
1 0.71875 0.4578125 0.046875 0.0453125
3 0.6734375 0.4609375 0.04375 0.0421875
4 0.625 0.4640625 0.040625 0.053125
2 0.7609375 0.465625 0.040625 0.0578125