2 0.5640625 0.5671875 0.040625 0.05
2 0.6765625 0.5828125 0.0390625 0.0546875
2 0.346875 0.5953125 0.0515625 0.084375
2 0.74375 0.609375 0.06875 0.134375
2 0.80625 0.6234375 0.0328125 0.0640625
2 0.515625 0.625 0.028125 0.053125
2 0.3921875 0.64375 0.0359375 0.040625
2 0.596875 0.0640625 0.028125 0.053125
2 0.6640625 0.65625 0.0515625 0.0734375
2 0.440625 0.6703125 0.090625 0.209375
2 0.1875 0.6828125 0.071875 0.18125
2 0.28125 0.690625 0.084375 0.2015625
2 0.825 0.70625 0.0390625 0.065625
2 0.6828125 0.7328125 0.0390625 0.0671875
2 0.4796875 0.7359375 0.0359375 0.0578125
2 0.5390625 0.7515625 0.0390625 0.0609375
2 0.759375 0.759375 0.084375 0.115625
2 0.6171875 0.775 0.05 0.065625
2 0.3578125 0.7921875 0.0453125 0.0625
2 0.24375 0.8078125 0.046875 0.0640625
2 0.465625 0.8109375 0.04375 0.065625
2 0.640625 0.08125 0.03125 0.071875
2 0.1765625 0.8375 0.0359375 0.078125
2 0.703125 0.85 0.034375 0.0671875
2 0.8203125 0.8546875 0.040625 0.0671875
2 0.409375 0.871875 0.0453125 0.1234375
2 0.6421875 0.8765625 0.0453125 0.1125
2 0.825 0.0875 0.0328125 0.090625
2 0.51875 0.8828125 0.0625 0.1203125
2 0.2765625 0.8859375 0.071875 0.13125
2 0.578125 0.8890625 0.0359375 0.08125
2 0.75 0.903125 0.05625 0.1296875
2 0.3953125 0.090625 0.025 0.071875
2 0.49375 0.090625 0.0421875 0.0734375
2 0.2796875 0.0921875 0.046875 0.0765625
2 0.446875 0.0921875 0.0421875 0.078125
2 0.6796875 0.0921875 0.021875 0.075
2 0.7125 0.09375 0.040625 0.084375
2 0.1671875 0.9484375 0.0359375 0.0796875
2 0.2015625 0.0953125 0.046875 0.0921875
2 0.8015625 0.9578125 0.046875 0.06875
2 0.55625 0.096875 0.034375 0.0625
2 0.34375 0.096875 0.0453125 0.0765625
2 0.6 0.128125 0.0203125 0.0453125
2 0.7734375 0.15625 0.0515625 0.078125
2 0.5671875 0.1703125 0.0421875 0.0765625
2 0.634375 0.1765625 0.0375 0.0671875
2 0.484375 0.18125 0.0609375 0.096875
2 0.3890625 0.1828125 0.059375 0.071875
2 0.69375 0.1828125 0.046875 0.071875
2 0.6078125 0.184375 0.01875 0.046875
2 0.2984375 0.190625 0.059375 0.0734375
2 0.1953125 0.1953125 0.0734375 0.096875
2 0.784375 0.225 0.03125 0.0375
2 0.3953125 0.2625 0.046875 0.090625
2 0.60625 0.2671875 0.0328125 0.0578125
2 0.5015625 0.2671875 0.0234375 0.04375
2 0.728125 0.26875 0.05625 0.09375
2 0.65 0.2828125 0.0546875 0.103125
2 0.5578125 0.2859375 0.05625 0.1015625
2 0.334375 0.2921875 0.05625 0.1140625
2 0.8078125 0.296875 0.046875 0.128125
2 0.4515625 0.296875 0.059375 0.1296875
2 0.203125 0.3046875 0.0828125 0.1125
2 0.378125 0.3515625 0.0421875 0.0765625
2 0.2671875 0.353125 0.0625 0.08125
2 0.578125 0.3578125 0.0390625 0.053125
2 0.6703125 0.36875 0.04375 0.0640625
2 0.7375 0.375 0.0453125 0.0875
2 0.3171875 0.3765625 0.040625 0.0484375
2 0.503125 0.3875 0.0515625 0.0953125
2 0.440625 0.39375 0.0359375 0.046875
2 0.35 0.4234375 0.03125 0.0390625
2 0.796875 0.4265625 0.04375 0.0640625
2 0.6125 0.428125 0.05625 0.0984375
2 0.5453125 0.4296875 0.0375 0.05625
2 0.390625 0.4421875 0.046875 0.0875
2 0.2453125 0.4421875 0.04375 0.0640625
2 0.196875 0.4453125 0.046875 0.078125
2 0.296875 0.4546875 0.04375 0.0765625
2 0.690625 0.46875 0.0375 0.071875
2 0.734375 0.4765625 0.0640625 0.0984375
2 0.478125 0.478125 0.0359375 0.0484375
2 0.3515625 0.51875 0.034375 0.05625
2 0.6359375 0.5234375 0.05 0.0953125
2 0.428125 0.525 0.046875 0.08125
2 0.525 0.5359375 0.065625 0.103125
2 0.2015625 0.5359375 0.0421875 0.0703125
2 0.8203125 0.5375 0.05 0.0953125
2 0.278125 0.54375 0.0359375 0.0859375