3 0.7796875 0.6265625 0.1046875 0.0875
3 0.45625 0.634375 0.1125 0.1078125
3 0.35 0.640625 0.0625 0.071875
3 0.2484375 0.6484375 0.1046875 0.1046875
3 0.3796875 0.734375 0.0578125 0.046875
3 0.659375 0.76875 0.1375 0.121875
3 0.565625 0.778125 0.034375 0.046875
3 0.8265625 0.778125 0.1046875 0.0828125
3 0.146875 0.7828125 0.05 0.059375
3 0.4765625 0.8109375 0.0984375 0.09375
3 0.2640625 0.8234375 0.146875 0.11875
3 0.153125 0.8828125 0.0453125 0.05
3 0.7828125 0.8828125 0.0859375 0.08125
3 0.4171875 0.0875 0.1515625 0.1234375
3 0.6453125 0.903125 0.0546875 0.0578125
3 0.53125 0.9046875 0.0953125 0.1140625
3 0.1703125 0.090625 0.1125 0.115625
3 0.2984375 0.090625 0.078125 0.065625
3 0.4203125 0.9296875 0.096875 0.075
3 0.30625 0.9375 0.1203125 0.109375
3 0.1859375 0.9609375 0.08125 0.0609375
3 0.753125 0.965625 0.0390625 0.046875
3 0.675 0.1140625 0.05 0.05
3 0.7390625 0.1203125 0.0546875 0.0875
3 0.575 0.13125 0.1015625 0.125
3 0.6765625 0.2109375 0.0546875 0.0546875
3 0.390625 0.2203125 0.046875 0.04375
3 0.3078125 0.234375 0.040625 0.06875
3 0.828125 0.275 0.121875 0.1296875
3 0.5375 0.2921875 0.15 0.1296875
3 0.68125 0.29375 0.0890625 0.0875
3 0.2078125 0.3046875 0.109375 0.1640625
3 0.375 0.309375 0.0875 0.0890625
3 0.3015625 0.31875 0.0421875 0.05625
3 0.803125 0.0328125 0.04375 0.05
3 0.715625 0.371875 0.05625 0.05
3 0.628125 0.378125 0.05625 0.05
3 0.6796875 0.0375 0.046875 0.05
3 0.53125 0.39375 0.05 0.05
3 0.2921875 0.396875 0.04375 0.059375
3 0.4515625 0.4078125 0.0453125 0.040625
3 0.378125 0.4171875 0.053125 0.0546875
3 0.8078125 0.459375 0.1203125 0.1125
3 0.2828125 0.4703125 0.0546875 0.0375
3 0.6765625 0.471875 0.0921875 0.0765625
3 0.53125 0.478125 0.1265625 0.109375
3 0.4375 0.4890625 0.03125 0.034375
3 0.2 0.490625 0.0796875 0.0890625
3 0.3703125 0.490625 0.090625 0.0828125
3 0.8078125 0.5390625 0.0578125 0.0375
3 0.425 0.553125 0.03125 0.034375
3 0.2234375 0.5640625 0.0421875 0.0390625
3 0.5453125 0.5671875 0.034375 0.0375
3 0.6375 0.61875 0.0921875 0.08125