1 0.6578125 0.3703125 0.109375 0.0953125
1 0.384375 0.371875 0.109375 0.109375
1 0.5578125 0.3875 0.0875 0.0734375
1 0.478125 0.390625 0.0671875 0.05625
1 0.734375 0.3953125 0.0421875 0.0484375
1 0.2796875 0.3984375 0.090625 0.0890625
3 0.721875 0.475 0.071875 0.0890625
3 0.5296875 0.4828125 0.071875 0.0671875
3 0.44375 0.484375 0.0765625 0.1125
3 0.3609375 0.4890625 0.0515625 0.0390625
3 0.628125 0.49375 0.103125 0.121875
3 0.2875 0.49375 0.096875 0.0890625
2 0.453125 0.5875 0.0453125 0.0453125
2 0.5796875 0.5890625 0.0390625 0.0765625
2 0.5234375 0.6265625 0.065625 0.1375
2 0.734375 0.628125 0.078125 0.1203125
2 0.396875 0.628125 0.0875 0.1390625
2 0.6375 0.6375 0.075 0.1203125
2 0.28125 0.6390625 0.071875 0.146875
0 0.315625 0.7625 0.1328125 0.125
0 0.659375 0.7828125 0.1265625 0.14375
0 0.4484375 0.7859375 0.1296875 0.1296875
0 0.7515625 0.7890625 0.0328125 0.203125
0 0.553125 0.7984375 0.0453125 0.14375
4 0.2921875 0.1890625 0.10625 0.115625
4 0.4015625 0.2046875 0.096875 0.1140625
4 0.675 0.225 0.1078125 0.096875
4 0.5265625 0.2453125 0.125 0.1890625