2 0.5171875 0.5984375 0.05625 0.0828125
2 0.8125 0.628125 0.046875 0.1015625
2 0.625 0.6546875 0.053125 0.0671875
2 0.1984375 0.65625 0.065625 0.15625
2 0.71875 0.6609375 0.05 0.0953125
2 0.325 0.6671875 0.0546875 0.1
2 0.2703125 0.6671875 0.034375 0.0578125
2 0.5265625 0.6953125 0.0609375 0.109375
2 0.425 0.703125 0.0328125 0.0625
2 0.815625 0.734375 0.046875 0.0796875
2 0.2921875 0.75 0.053125 0.0625
2 0.55625 0.075 0.0390625 0.0953125
2 0.7453125 0.7703125 0.05625 0.1296875
2 0.634375 0.775 0.0625 0.14375
2 0.45625 0.778125 0.0265625 0.0625
2 0.440625 0.078125 0.05 0.103125
2 0.3671875 0.79375 0.0546875 0.1078125
2 0.571875 0.7984375 0.01875 0.05625
2 0.5015625 0.815625 0.028125 0.0578125
2 0.2171875 0.815625 0.0875 0.1078125
2 0.8015625 0.8296875 0.0453125 0.0953125
2 0.41875 0.8375 0.0375 0.059375
2 0.29375 0.8390625 0.05 0.053125
2 0.6921875 0.8609375 0.0265625 0.0578125
2 0.65625 0.0859375 0.06875 0.1171875
2 0.5296875 0.8734375 0.05 0.0921875
2 0.40625 0.89375 0.0359375 0.059375
2 0.296875 0.0890625 0.0625 0.0859375
2 0.2859375 0.9109375 0.0375 0.0765625
2 0.1640625 0.9140625 0.0296875 0.0703125
2 0.6359375 0.928125 0.0671875 0.125
2 0.446875 0.94375 0.0515625 0.09375
2 0.7390625 0.9453125 0.0609375 0.10625
2 0.3390625 0.9453125 0.071875 0.10625
2 0.2046875 0.95 0.0484375 0.096875
2 0.171875 0.0953125 0.0453125 0.08125
2 0.7234375 0.1171875 0.053125 0.121875
2 0.353125 0.1359375 0.0875 0.1359375
2 0.796875 0.146875 0.0640625 0.1546875
2 0.23125 0.1609375 0.046875 0.0796875
2 0.690625 0.1828125 0.028125 0.0484375
2 0.61875 0.190625 0.0359375 0.0671875
2 0.7625 0.2015625 0.021875 0.04375
2 0.4796875 0.2265625 0.046875 0.1125
2 0.5265625 0.2390625 0.0390625 0.053125
2 0.8140625 0.2421875 0.0453125 0.059375
2 0.2453125 0.24375 0.0296875 0.053125
2 0.56875 0.246875 0.034375 0.0546875
2 0.6546875 0.25 0.046875 0.103125
2 0.41875 0.253125 0.0484375 0.075
2 0.7390625 0.2765625 0.065625 0.1140625
2 0.184375 0.278125 0.0703125 0.1125
2 0.496875 0.303125 0.0296875 0.059375
2 0.31875 0.3140625 0.0265625 0.065625
2 0.7890625 0.315625 0.025 0.0546875
2 0.2671875 0.3171875 0.0625 0.11875
2 0.5609375 0.3234375 0.065625 0.0953125
2 0.6765625 0.3359375 0.0359375 0.059375
2 0.8234375 0.3375 0.03125 0.0390625
2 0.4140625 0.346875 0.0453125 0.0828125
2 0.6171875 0.353125 0.0390625 0.0734375
2 0.3421875 0.384375 0.059375 0.115625
2 0.703125 0.3984375 0.0703125 0.1109375
2 0.1953125 0.3984375 0.046875 0.065625
2 0.4703125 0.4 0.059375 0.115625
2 0.771875 0.40625 0.0625 0.10625
2 0.828125 0.4109375 0.0359375 0.09375
2 0.2671875 0.45 0.034375 0.0703125
2 0.4046875 0.471875 0.0515625 0.0828125
2 0.6484375 0.478125 0.046875 0.0703125
2 0.75625 0.490625 0.0390625 0.06875
2 0.484375 0.50625 0.0515625 0.0703125
2 0.2078125 0.5109375 0.0546875 0.103125
2 0.3375 0.5125 0.065625 0.0921875
2 0.690625 0.5484375 0.0671875 0.1359375
2 0.7765625 0.5609375 0.0359375 0.078125
2 0.2875 0.5796875 0.0515625 0.0921875
2 0.615625 0.5859375 0.059375 0.0859375
2 0.41875 0.590625 0.0734375 0.1390625