3 0.1515625 0.7375 0.05 0.0515625
3 0.2484375 0.7375 0.059375 0.046875
3 0.8203125 0.784375 0.109375 0.1125
3 0.6953125 0.790625 0.09375 0.1078125
3 0.5625 0.790625 0.096875 0.115625
3 0.0953125 0.0796875 0.046875 0.0546875
3 0.4203125 0.0796875 0.0859375 0.0734375
3 0.28125 0.8125 0.1 0.1015625
3 0.4421875 0.8125 0.103125 0.0921875
3 0.1625 0.8140625 0.1 0.1125
3 0.684375 0.0859375 0.053125 0.0859375
3 0.7828125 0.8703125 0.0671875 0.046875
3 0.35625 0.8828125 0.0515625 0.0546875
3 0.8734375 0.090625 0.0640625 0.0734375
3 0.703125 0.909375 0 0.0015625
3 0.725 0.9375 0.1015625 0.09375
3 0.853125 0.9375 0.08125 0.078125
3 0.40625 0.95625 0.10625 0.084375
3 0.490625 0.13125 0.0375 0.0390625
3 0.625 0.14375 0.0484375 0.040625
3 0.2734375 0.1578125 0.0421875 0.0546875
3 0.3890625 0.175 0.0359375 0.0453125
3 0.54375 0.1765625 0.08125 0.08125
3 0.3390625 0.1796875 0.084375 0.096875
3 0.746875 0.1828125 0.06875 0.0796875
3 0.1484375 0.1828125 0.0484375 0.04375
3 0.0890625 0.1828125 0.0765625 0.1125
3 0.6515625 0.19375 0.071875 0.0640625
3 0.85 0.196875 0.0765625 0.078125
3 0.4421875 0.1984375 0.0703125 0.0640625
3 0.2265625 0.2 0.05625 0.0625
3 0.59375 0.23125 0.04375 0.034375
3 0.696875 0.2421875 0.0421875 0.04375
3 0.5078125 0.2453125 0.0375 0.0375
3 0.140625 0.2765625 0.0390625 0.0515625
3 0.434375 0.284375 0.090625 0.0890625
3 0.6390625 0.2921875 0.078125 0.078125
3 0.2109375 0.2921875 0.08125 0.0859375
3 0.3296875 0.29375 0.071875 0.059375
3 0.8484375 0.2953125 0.096875 0.08125
3 0.746875 0.2984375 0.0640625 0.065625
3 0.5453125 0.3 0.0703125 0.05625
3 0.0859375 0.3015625 0.0609375 0.0578125
3 0.68125 0.3875 0.1046875 0.09375
3 0.4640625 0.390625 0.071875 0.0875
3 0.1234375 0.3921875 0.06875 0.0671875
3 0.2328125 0.39375 0.075 0.08125
3 0.346875 0.396875 0.084375 0.0859375
3 0.565625 0.4015625 0.065625 0.0859375
3 0.859375 0.40625 0.1 0.0890625
3 0.771875 0.4171875 0.071875 0.059375
3 0.421875 0.4578125 0.0515625 0.0515625
3 0.5359375 0.4671875 0.0484375 0.0421875
3 0.925 0.4859375 0 0
3 0.190625 0.5078125 0.1109375 0.109375
3 0.3390625 0.515625 0.0984375 0.0953125
3 0.625 0.515625 0.1046875 0.10625
3 0.478125 0.521875 0.0953125 0.0765625
3 0.8703125 0.528125 0.103125 0.115625
3 0.765625 0.5359375 0.0703125 0.08125
3 0.703125 0.634375 0.078125 0.096875
3 0.2453125 0.6359375 0.121875 0.115625
3 0.490625 0.6375 0.0875 0.0953125
3 0.5984375 0.640625 0.059375 0.0703125
3 0.5546875 0.6421875 0.0375 0.0453125
3 0.6546875 0.6421875 0.0421875 0.065625
3 0.3703125 0.6421875 0.09375 0.090625
3 0.79375 0.65 0.0578125 0.0640625
3 0.8875 0.65 0.06875 0.096875
3 0.1234375 0.6515625 0.0734375 0.0953125
3 0.2375 0.065625 0.1578125 0.1203125
3 0.5671875 0.0671875 0.0875 0.090625
3 0.75 0.7125 0.0484375 0.0375
3 0.7890625 0.0703125 0.0859375 0.103125
3 0.490625 0.721875 0.05 0.078125
3 0.3703125 0.725 0.0546875 0.0515625