3 0.578125 0.2625 0.0359375 0.0296875
3 0.4703125 0.2640625 0.0328125 0.034375
3 0.4171875 0.2703125 0.0390625 0.03125
3 0.359375 0.2765625 0.025 0.03125
3 0.2984375 0.2828125 0.04375 0.0390625
3 0.2453125 0.2890625 0.034375 0.0375
3 0.6703125 0.309375 0.03125 0.0390625
3 0.55 0.3140625 0.0375 0.04375
3 0.7546875 0.3140625 0.0203125 0.021875
3 0.609375 0.315625 0.0375 0.04375
3 0.490625 0.315625 0.0359375 0.0390625
3 0.4328125 0.3234375 0.0359375 0.0421875
3 0.253125 0.3234375 0.028125 0.0265625
3 0.3109375 0.3234375 0.034375 0.04375
3 0.371875 0.325 0.040625 0.0375
4 0.5125 0.365625 0.0421875 0.034375
4 0.6484375 0.3671875 0.025 0.040625
4 0.5625 0.3671875 0.028125 0.0375
4 0.4421875 0.3703125 0.0359375 0.034375
4 0.6 0.3703125 0.025 0.0328125
4 0.7 0.371875 0.0265625 0.03125
4 0.3765625 0.371875 0.0296875 0.0375
4 0.7390625 0.3734375 0.0359375 0.0390625
4 0.3046875 0.375 0.025 0.0390625
4 0.25 0.3796875 0.04375 0.040625
4 0.6375 0.4109375 0.0359375 0.0375
4 0.5484375 0.4125 0.0296875 0.034375
4 0.5875 0.415625 0.028125 0.0296875
4 0.496875 0.4171875 0.0296875 0.0359375
4 0.7328125 0.41875 0.0359375 0.0375
4 0.3984375 0.4203125 0.0265625 0.0421875
4 0.346875 0.4234375 0.0421875 0.034375
4 0.446875 0.4234375 0.028125 0.0296875
4 0.3 0.425 0.0375 0.0296875
4 0.240625 0.43125 0.0234375 0.0328125
0 0.6703125 0.465625 0.034375 0.0359375
0 0.740625 0.465625 0.0296875 0.0375
0 0.5578125 0.4671875 0.0375 0.0328125
0 0.515625 0.46875 0.0390625 0.034375
0 0.609375 0.46875 0.04375 0.028125
0 0.7078125 0.4703125 0.0234375 0.034375
0 0.478125 0.4734375 0.021875 0.034375
0 0.34375 0.4765625 0.0296875 0.0375
0 0.2921875 0.478125 0.0359375 0.0390625
0 0.2453125 0.4796875 0.046875 0.0359375
0 0.4453125 0.4796875 0.0375 0.040625
0 0.39375 0.4796875 0.01875 0.034375
0 0.4578125 0.5140625 0.04375 0.0328125
0 0.7546875 0.5171875 0.028125 0.0421875
0 0.5359375 0.5171875 0.0671875 0.0171875
0 0.721875 0.5171875 0.021875 0.0515625
0 0.665625 0.51875 0.05 0.0484375
0 0.4 0.5203125 0.0484375 0.0234375
0 0.60625 0.521875 0.059375 0.0296875
0 0.353125 0.5234375 0.040625 0.0265625
0 0.3046875 0.528125 0.034375 0.0265625
0 0.2625 0.534375 0.0265625 0.0390625
1 0.5453125 0.084375 0.03125 0.03125
1 0.5765625 0.0890625 0.0140625 0.0203125
1 0.6171875 0.090625 0.0359375 0.0328125
1 0.50625 0.090625 0.028125 0.0203125
1 0.4625 0.0921875 0.0359375 0.0296875
1 0.7 0.0953125 0.0453125 0.0390625
1 0.6546875 0.0953125 0.0171875 0.0203125
1 0.38125 0.1 0.03125 0.034375
1 0.41875 0.1 0.0171875 0.0203125
1 0.296875 0.1046875 0.0390625 0.0453125
1 0.734375 0.10625 0.01875 0.015625
1 0.3375 0.109375 0.0296875 0.0234375
1 0.25 0.1140625 0.028125 0.025
1 0.5828125 0.125 0.03125 0.028125
1 0.61875 0.125 0.0265625 0.025
1 0.65625 0.125 0.0296875 0.0265625
1 0.5078125 0.125 0.0390625 0.028125
1 0.546875 0.1265625 0.0234375 0.0265625
1 0.6921875 0.13125 0.021875 0.021875
1 0.428125 0.1328125 0.0375 0.0265625
1 0.7265625 0.134375 0.0375 0.0359375
1 0.4625 0.134375 0.0171875 0.015625
1 0.3890625 0.1421875 0.0171875 0.015625
1 0.340625 0.14375 0.0453125 0.028125
1 0.25 0.1515625 0.0328125 0.034375
1 0.29375 0.1546875 0.0234375 0.0203125
2 0.5828125 0.1671875 0.0296875 0.04375
2 0.6828125 0.171875 0.021875 0.03125
2 0.5359375 0.175 0.0203125 0.0328125
2 0.6390625 0.175 0.0296875 0.046875
2 0.7265625 0.175 0.021875 0.028125
2 0.4828125 0.1796875 0.0265625 0.0390625
2 0.4328125 0.1796875 0.0234375 0.034375
2 0.390625 0.1828125 0.021875 0.040625
2 0.3421875 0.1875 0.0234375 0.040625
2 0.2890625 0.2 0.025 0.0328125
2 0.2453125 0.2 0.0234375 0.034375
2 0.69375 0.20625 0.0234375 0.028125
2 0.553125 0.209375 0.0265625 0.0296875
2 0.73125 0.209375 0.0265625 0.03125
2 0.5953125 0.209375 0.015625 0.0359375
2 0.6515625 0.2109375 0.0203125 0.028125
2 0.5046875 0.215625 0.0234375 0.0359375
2 0.465625 0.21875 0.01875 0.0328125
2 0.415625 0.2234375 0.01875 0.03125
2 0.3703125 0.2328125 0.0234375 0.0296875
2 0.2640625 0.2375 0.03125 0.0328125
2 0.3203125 0.2375 0.0296875 0.0296875
3 0.70625 0.2546875 0.0203125 0.0234375
3 0.740625 0.2578125 0.034375 0.0421875
3 0.534375 0.2578125 0.0390625 0.040625
3 0.621875 0.2578125 0.0234375 0.025
3 0.665625 0.2578125 0.0390625 0.0375