0 0.5578125 0.6375 0.0375 0.065625
0 0.1953125 0.6578125 0.0625 0.128125
0 0.61875 0.6671875 0.0734375 0.1171875
0 0.3015625 0.6734375 0.140625 0.103125
0 0.4671875 0.684375 0.0953125 0.078125
0 0.8578125 0.703125 0.06875 0.1015625
0 0.7265625 0.7203125 0.1046875 0.1390625
0 0.4390625 0.7984375 0.165625 0.0859375
0 0.1703125 0.803125 0.084375 0.0859375
0 0.5828125 0.8046875 0.0359375 0.06875
0 0.715625 0.83125 0.05 0.0828125
0 0.78125 0.8703125 0.109375 0.128125
0 0.575 0.884375 0.1609375 0.0875
0 0.159375 0.0890625 0.0453125 0.1015625
0 0.215625 0.8921875 0.1265625 0.046875
0 0.3234375 0.909375 0.0703125 0.0828125
0 0.69375 0.9359375 0.0390625 0.0890625
0 0.4921875 0.09375 0.059375 0.1578125
0 0.584375 0.953125 0.0828125 0.0421875
0 0.1625 0.959375 0.084375 0.0390625
0 0.403125 0.9609375 0.0640625 0.0625
0 0.2484375 0.1125 0.0796875 0.14375
0 0.79375 0.1171875 0.1 0.103125
0 0.39375 0.1203125 0.11875 0.153125
0 0.640625 0.140625 0.1328125 0.140625
0 0.5390625 0.2109375 0.0640625 0.0921875
0 0.165625 0.240625 0.053125 0.1390625
0 0.346875 0.2625 0.0703125 0.1015625
0 0.8046875 0.2703125 0.1265625 0.203125
0 0.2296875 0.296875 0.10625 0.0859375
0 0.6125 0.303125 0.1640625 0.121875
0 0.4328125 0.315625 0.046875 0.153125
0 0.8515625 0.3875 0.0484375 0.08125
0 0.6625 0.403125 0.09375 0.084375
0 0.3515625 0.4109375 0.0578125 0.096875
0 0.525 0.4296875 0.1015625 0.040625
0 0.178125 0.4390625 0.10625 0.084375
0 0.2671875 0.4734375 0.0765625 0.140625
0 0.765625 0.4984375 0.0828125 0.140625
0 0.5953125 0.51875 0.10625 0.1171875
0 0.4625 0.521875 0.0546875 0.1171875
0 0.3375 0.534375 0.0859375 0.1
0 0.703125 0.5546875 0.053125 0.053125
0 0.8703125 0.5734375 0.0421875 0.0765625