0 0.3953125 0.515625 0.040625 0.1234375
0 0.5890625 0.5171875 0.0828125 0.1328125
0 0.6890625 0.525 0.0984375 0.1125
0 0.2078125 0.5265625 0.0671875 0.1125
0 0.7875 0.5421875 0.09375 0.05
0 0.525 0.6609375 0.0546875 0.115625
0 0.240625 0.6671875 0.1 0.0578125
0 0.76875 0.6703125 0.0875 0.0875
0 0.6015625 0.6703125 0.0703125 0.096875
0 0.3484375 0.678125 0.0734375 0.09375
0 0.6765625 0.6796875 0.05625 0.10625
0 0.4359375 0.6828125 0.0484375 0.084375
0 0.6921875 0.7859375 0.059375 0.09375
0 0.78125 0.79375 0.034375 0.0796875
0 0.3046875 0.79375 0.05625 0.1125
0 0.4765625 0.7953125 0.0765625 0.1140625
0 0.5859375 0.8078125 0.075 0.0875
0 0.3828125 0.8171875 0.0703125 0.0953125
0 0.2140625 0.8265625 0.0421875 0.08125
0 0.7359375 0.890625 0.08125 0.0671875
0 0.4578125 0.9015625 0.046875 0.09375
0 0.6515625 0.9015625 0.046875 0.1
0 0.234375 0.0890625 0.0890625 0.121875
0 0.5515625 0.9265625 0.075 0.0734375
0 0.675 0.0921875 0.0734375 0.0828125
0 0.584375 0.0921875 0.0953125 0.071875
0 0.2265625 0.9515625 0.078125 0.09375
0 0.3578125 0.9515625 0.0578125 0.090625
0 0.4703125 0.096875 0.0703125 0.0640625
0 0.3859375 0.1 0.0859375 0.0796875
0 0.315625 0.1 0.05 0.078125
0 0.75 0.1046875 0.046875 0.0765625
0 0.5296875 0.1953125 0.0734375 0.071875
0 0.734375 0.2078125 0.0828125 0.1125
0 0.4421875 0.209375 0.053125 0.1
0 0.640625 0.2171875 0.0828125 0.0875
0 0.3296875 0.2234375 0.0890625 0.1140625
0 0.2078125 0.234375 0.05 0.09375
0 0.478125 0.278125 0.0640625 0.0671875
0 0.7484375 0.2921875 0.0859375 0.0625
0 0.5234375 0.309375 0.059375 0.0390625
0 0.315625 0.346875 0.0859375 0.0921875
0 0.65625 0.3484375 0.04375 0.1078125
0 0.2171875 0.3640625 0.046875 0.0828125
0 0.7359375 0.3671875 0.059375 0.096875
0 0.4125 0.3671875 0.071875 0.090625
0 0.5203125 0.36875 0.096875 0.0421875
0 0.5078125 0.503125 0.0640625 0.1265625
0 0.3140625 0.515625 0.09375 0.1359375