0 0.25 0.534375 0.0578125 0.04375
0 0.50625 0.590625 0.0421875 0.0875
0 0.1859375 0.621875 0.0578125 0.084375
0 0.7234375 0.646875 0.040625 0.1453125
0 0.6421875 0.653125 0.08125 0.1515625
0 0.271875 0.6671875 0.1 0.121875
0 0.3953125 0.6703125 0.0828125 0.1
0 0.5234375 0.6859375 0.1046875 0.1296875
0 0.7484375 0.771875 0.0515625 0.0953125
0 0.2640625 0.771875 0.05625 0.071875
0 0.6671875 0.0796875 0.15625 0.0625
0 0.6375 0.8109375 0.0375 0.1109375
0 0.5421875 0.8125 0.046875 0.09375
0 0.328125 0.8203125 0.0828125 0.0984375
0 0.4296875 0.8390625 0.0703125 0.1515625
0 0.2421875 0.8609375 0.0515625 0.08125
0 0.8078125 0.88125 0.0484375 0.0984375
0 0.734375 0.9140625 0.0390625 0.0734375
0 0.625 0.946875 0.0515625 0.1
0 0.3734375 0.9515625 0.0921875 0.0921875
0 0.4953125 0.953125 0.0609375 0.059375
0 0.278125 0.971875 0.040625 0.0546875
0 0.490625 0.1046875 0.125 0.090625
0 0.334375 0.1171875 0.0984375 0.096875
0 0.7484375 0.125 0.0921875 0.09375
0 0.2 0.14375 0.0859375 0.1578125
0 0.5828125 0.2015625 0.0734375 0.1046875
0 0.74375 0.2703125 0.05625 0.103125
0 0.3375 0.2796875 0.0953125 0.1625
0 0.4671875 0.2921875 0.0703125 0.1484375
0 0.590625 0.321875 0.096875 0.1671875
0 0.671875 0.3453125 0.05625 0.115625
0 0.4859375 0.3796875 0.065625 0.0390625
0 0.3796875 0.3796875 0.0390625 0.0484375
0 0.215625 0.3859375 0.08125 0.0703125
0 0.528125 0.4328125 0.0203125 0.084375
0 0.7296875 0.4484375 0.0421875 0.115625
0 0.5953125 0.475 0.125 0.1390625
0 0.31875 0.4765625 0.0859375 0.13125
0 0.8015625 0.4828125 0.034375 0.121875
0 0.4234375 0.496875 0.090625 0.1484375