2 0.50625 0.6265625 0.0390625 0.0578125
2 0.275 0.6328125 0.0578125 0.0765625
2 0.1703125 0.6359375 0.084375 0.1171875
2 0.3984375 0.6578125 0.1203125 0.1734375
2 0.6109375 0.6671875 0.0359375 0.0515625
2 0.73125 0.675 0.0359375 0.0515625
2 0.190625 0.0671875 0.0453125 0.065625
2 0.7828125 0.6921875 0.059375 0.1234375
2 0.5 0.0703125 0.0625 0.0703125
2 0.475 0.7171875 0.0328125 0.0515625
2 0.675 0.71875 0.0765625 0.1703125
2 0.234375 0.753125 0.0765625 0.096875
2 0.3046875 0.7640625 0.053125 0.0640625
2 0.384375 0.7703125 0.04375 0.059375
2 0.5875 0.7734375 0.034375 0.0578125
2 0.78125 0.7765625 0.0359375 0.0375
2 0.3953125 0.0796875 0.0828125 0.0828125
2 0.471875 0.8125 0.0765625 0.10625
2 0.721875 0.815625 0.05 0.0640625
2 0.8296875 0.8328125 0.0625 0.096875
2 0.18125 0.840625 0.0734375 0.075
2 0.409375 0.8515625 0.04375 0.0671875
2 0.55625 0.853125 0.053125 0.0671875
2 0.625 0.853125 0.0453125 0.0484375
2 0.3171875 0.8625 0.0640625 0.0671875
2 0.7171875 0.86875 0.046875 0.0390625
2 0.4859375 0.8921875 0.034375 0.0453125
2 0.58125 0.0890625 0.0640625 0.075
2 0.2375 0.9125 0.040625 0.075
2 0.8140625 0.9171875 0.046875 0.0421875
2 0.6578125 0.91875 0.0390625 0.0375
2 0.4171875 0.928125 0.040625 0.075
2 0.728125 0.93125 0.075 0.0796875
2 0.5921875 0.94375 0.0734375 0.0859375
2 0.671875 0.09375 0.078125 0.075
2 0.8625 0.946875 0.046875 0.05625
2 0.490625 0.9484375 0.05625 0.0515625
2 0.7515625 0.1046875 0.0578125 0.0671875
2 0.8234375 0.109375 0.065625 0.0625
2 0.1421875 0.109375 0.0421875 0.0828125
2 0.2453125 0.1125 0.053125 0.0484375
2 0.5875 0.1609375 0.03125 0.04375
2 0.6703125 0.1640625 0.034375 0.0453125
2 0.740625 0.1671875 0.0375 0.0453125
2 0.8 0.171875 0.0390625 0.04375
2 0.4296875 0.1796875 0.0609375 0.0796875
2 0.259375 0.1890625 0.059375 0.059375
2 0.525 0.19375 0.0546875 0.0609375
2 0.165625 0.203125 0.0484375 0.0953125
2 0.6109375 0.2140625 0.06875 0.065625
2 0.759375 0.2234375 0.05 0.06875
2 0.834375 0.228125 0.0390625 0.075
2 0.3203125 0.2296875 0.040625 0.059375
2 0.6796875 0.23125 0.0703125 0.0671875
2 0.1875 0.2703125 0.046875 0.0578125
2 0.4609375 0.2734375 0.0609375 0.0703125
2 0.5125 0.278125 0.0328125 0.059375
2 0.2421875 0.2796875 0.06875 0.059375
2 0.775 0.290625 0.0453125 0.075
2 0.571875 0.2953125 0.0578125 0.078125
2 0.66875 0.2984375 0.075 0.071875
2 0.3984375 0.3203125 0.040625 0.0609375
2 0.31875 0.3328125 0.0515625 0.0734375
2 0.1359375 0.3421875 0.0578125 0.09375
2 0.8140625 0.3734375 0.046875 0.0828125
2 0.71875 0.3765625 0.053125 0.096875
2 0.246875 0.3765625 0.0546875 0.0640625
2 0.5125 0.3796875 0.0515625 0.0734375
2 0.63125 0.384375 0.05625 0.0796875
2 0.190625 0.3953125 0.04375 0.0546875
2 0.5640625 0.4 0.0359375 0.0453125
2 0.76875 0.4265625 0.0484375 0.046875
2 0.3921875 0.428125 0.084375 0.115625
2 0.3046875 0.4421875 0.0546875 0.071875
2 0.125 0.453125 0.0359375 0.109375
2 0.6703125 0.4703125 0.046875 0.071875
2 0.25 0.471875 0.046875 0.0578125
2 0.5578125 0.4734375 0.0296875 0.04375
2 0.7640625 0.484375 0.03125 0.0375
2 0.4046875 0.5140625 0.0546875 0.059375
2 0.5 0.5203125 0.0734375 0.128125
2 0.2015625 0.521875 0.059375 0.0625
2 0.33125 0.528125 0.0765625 0.075
2 0.8078125 0.5328125 0.059375 0.13125
2 0.7171875 0.5390625 0.0578125 0.090625
2 0.60625 0.5453125 0.0796875 0.1609375
2 0.75 0.5953125 0.0359375 0.053125
2 0.66875 0.5953125 0.0296875 0.040625