1 0.0921875 0.459375 0.0953125 0.0859375
1 0.746875 0.5203125 0.096875 0.09375
1 0.9140625 0.521875 0.0671875 0.075
1 0.540625 0.525 0.103125 0.0890625
1 0.8375 0.5265625 0.0671875 0.08125
1 0.2421875 0.53125 0.0734375 0.0703125
1 0.628125 0.5328125 0.06875 0.0546875
1 0.3328125 0.5359375 0.0796875 0.0765625
1 0.4328125 0.5375 0.0734375 0.059375
1 0.128125 0.540625 0.0875 0.071875
3 0.3375 0.0546875 0.05 0.0375
2 0.8390625 0.6359375 0.0578125 0.0984375
2 0.659375 0.6375 0.0796875 0.09375
2 0.759375 0.6390625 0.05 0.0953125
2 0.4484375 0.6390625 0.0921875 0.090625
2 0.5578125 0.6390625 0.084375 0.103125
2 0.340625 0.6390625 0.0734375 0.103125
3 0.7734375 0.0640625 0.0765625 0.065625
2 0.0921875 0.64375 0.0765625 0.1
2 0.925 0.646875 0.0515625 0.1015625
2 0.2359375 0.653125 0.0765625 0.1140625
3 0.4921875 0.065625 0.0609375 0.059375
3 0.596875 0.0671875 0.0984375 0.1078125
2 0.6828125 0.725 0.06875 0.06875
2 0.7625 0.7265625 0.075 0.0734375
2 0.58125 0.7328125 0.05625 0.071875
2 0.8703125 0.734375 0.0796875 0.09375
2 0.5078125 0.7390625 0.05625 0.1109375
2 0.29375 0.740625 0.0734375 0.084375
2 0.3953125 0.7453125 0.0984375 0.1015625
2 0.1765625 0.7453125 0.0765625 0.0875
3 0.6828125 0.0734375 0.0609375 0.0578125
2 0.08125 0.753125 0.0734375 0.0953125
3 0.23125 0.0765625 0.0921875 0.0890625
3 0.08125 0.0796875 0.071875 0.0859375
3 0.8453125 0.08125 0.0671875 0.0609375
0 0.615625 0.8203125 0.0734375 0.1
0 0.7359375 0.8203125 0.08125 0.0859375
0 0.4703125 0.828125 0.08125 0.0546875
0 0.85 0.8421875 0.053125 0.1015625
0 0.36875 0.84375 0.0890625 0.08125
0 0.2375 0.853125 0.0890625 0.0859375
3 0.15 0.084375 0.0484375 0.0578125
0 0.0984375 0.86875 0.071875 0.103125
0 0.659375 0.9328125 0.0609375 0.1
0 0.7671875 0.9375 0.03125 0.0921875
0 0.503125 0.9453125 0.146875 0.0609375
0 0.8625 0.946875 0.11875 0.0796875
0 0.3640625 0.9484375 0.11875 0.0984375
3 0.4 0.09375 0.0671875 0.0546875
0 0.1328125 0.9609375 0.0796875 0.0765625
0 0.2359375 0.9625 0.0859375 0.06875
3 0.765625 0.140625 0.071875 0.0578125
3 0.8609375 0.15 0.0875 0.0765625
3 0.4984375 0.15 0.053125 0.0671875
3 0.421875 0.153125 0.0828125 0.0765625
3 0.6765625 0.1609375 0.0625 0.059375
3 0.33125 0.1625 0.0703125 0.071875
3 0.2453125 0.1640625 0.0828125 0.090625
3 0.584375 0.165625 0.0890625 0.0796875
3 0.159375 0.1671875 0.06875 0.0828125
3 0.0859375 0.1703125 0.0625 0.0734375
4 0.771875 0.23125 0.0765625 0.0734375
4 0.6671875 0.246875 0.05625 0.0625
4 0.2953125 0.2484375 0.05625 0.0765625
4 0.878125 0.253125 0.08125 0.075
4 0.471875 0.253125 0.0625 0.0734375
4 0.3828125 0.2546875 0.08125 0.075
4 0.0890625 0.25625 0.0625 0.0734375
4 0.5671875 0.25625 0.0578125 0.084375
4 0.184375 0.25625 0.0609375 0.08125
4 0.6546875 0.31875 0.0734375 0.075
4 0.490625 0.3265625 0.0671875 0.075
4 0.7515625 0.3296875 0.0625 0.0765625
4 0.8625 0.3328125 0.0625 0.0640625
4 0.40625 0.3328125 0.0734375 0.0609375
4 0.58125 0.3359375 0.0640625 0.065625
4 0.3125 0.3453125 0.08125 0.075
4 0.1265625 0.35 0.0625 0.0609375
4 0.2171875 0.353125 0.078125 0.0921875
1 0.809375 0.41875 0.0875 0.084375
1 0.6234375 0.428125 0.109375 0.0953125
1 0.525 0.434375 0.0765625 0.0765625
1 0.715625 0.4375 0.071875 0.0625
1 0.89375 0.4375 0.0625 0.0609375
1 0.421875 0.4375 0.09375 0.0921875
1 0.3015625 0.4390625 0.0671875 0.084375
1 0.190625 0.4515625 0.084375 0.08125