4 0.6734375 0.7203125 0.0921875 0.0953125
4 0.528125 0.7234375 0.0828125 0.0828125
4 0.871875 0.725 0.0578125 0.0453125
4 0.4390625 0.7296875 0.06875 0.0703125
4 0.315625 0.7484375 0.0859375 0.0875
4 0.1703125 0.753125 0.109375 0.0859375
4 0.7875 0.7703125 0.0671875 0.065625
4 0.4765625 0.8140625 0.040625 0.05
4 0.6359375 0.8171875 0.0671875 0.053125
4 0.3203125 0.8328125 0.05 0.05625
4 0.55 0.8640625 0.0875 0.1046875
4 0.7953125 0.8703125 0.059375 0.053125
4 0.634375 0.878125 0.0421875 0.05
4 0.39375 0.9 0.109375 0.1203125
4 0.703125 0.9 0.15 0.1578125
4 0.2078125 0.9140625 0.128125 0.1453125
4 0.1625 0.0921875 0.10625 0.115625
4 0.5734375 0.965625 0.0515625 0.059375
4 0.8 0.9703125 0.0625 0.05625
4 0.5984375 0.11875 0.059375 0.0890625
4 0.396875 0.1203125 0.0484375 0.1078125
4 0.4890625 0.125 0.10625 0.1390625
4 0.31875 0.1296875 0.075 0.15
4 0.8234375 0.140625 0.0515625 0.0828125
4 0.6875 0.14375 0.159375 0.1953125
4 0.540625 0.215625 0.0546875 0.0578125
4 0.1609375 0.228125 0.0828125 0.0984375
4 0.84375 0.23125 0.0984375 0.10625
4 0.2625 0.2453125 0.0671875 0.0609375
4 0.375 0.246875 0.0546875 0.0671875
4 0.6984375 0.271875 0.0890625 0.05625
4 0.5828125 0.2921875 0.040625 0.05
4 0.390625 0.3328125 0.05 0.0546875
4 0.1328125 0.3359375 0.0515625 0.065625
4 0.496875 0.3390625 0.1203125 0.1625
4 0.6578125 0.35 0.0578125 0.0640625
4 0.2875 0.3546875 0.1125 0.128125
4 0.775 0.3625 0.109375 0.10625
4 0.88125 0.378125 0.065625 0.08125
4 0.184375 0.40625 0.046875 0.0515625
4 0.6578125 0.434375 0.0484375 0.0578125
4 0.75 0.4453125 0.059375 0.0578125
4 0.5734375 0.4484375 0.0640625 0.053125
4 0.3 0.453125 0.053125 0.059375
4 0.434375 0.453125 0.0625 0.0515625
4 0.1640625 0.484375 0.0734375 0.0578125
4 0.3703125 0.4890625 0.0984375 0.0984375
4 0.490625 0.4921875 0.078125 0.115625
4 0.8359375 0.5296875 0.0890625 0.0921875
4 0.6671875 0.54375 0.0328125 0.0609375
4 0.5953125 0.5609375 0.08125 0.1203125
4 0.225 0.5625 0.0734375 0.0546875
4 0.5078125 0.5828125 0.05 0.0640625
4 0.7125 0.584375 0.0984375 0.1765625
4 0.8015625 0.6 0.0515625 0.05625
4 0.1453125 0.6078125 0.1203125 0.1421875
4 0.434375 0.6109375 0.059375 0.125
4 0.309375 0.6328125 0.084375 0.1015625
4 0.828125 0.6578125 0.090625 0.0828125