4 0.5984375 0.6953125 0.071875 0.103125
4 0.74375 0.6984375 0.0796875 0.10625
4 0.4390625 0.7015625 0.10625 0.1125
4 0.4359375 0.071875 0.0796875 0.1203125
4 0.325 0.7171875 0.078125 0.1140625
4 0.184375 0.7390625 0.04375 0.075
4 0.71875 0.075 0.078125 0.1296875
4 0.79375 0.0796875 0.0484375 0.0625
4 0.903125 0.8234375 0.0765625 0.1171875
4 0.6875 0.828125 0.0828125 0.109375
4 0.8046875 0.8296875 0.0875 0.11875
4 0.578125 0.8375 0.0859375 0.1140625
4 0.253125 0.8375 0.090625 0.1
4 0.3609375 0.85625 0.09375 0.1328125
4 0.5046875 0.8671875 0.0484375 0.0515625
4 0.8765625 0.0890625 0.084375 0.11875
4 0.26875 0.0890625 0.1 0.109375
4 0.878125 0.9296875 0.0578125 0.0609375
4 0.5203125 0.9375 0.0796875 0.0765625
4 0.6359375 0.940625 0.08125 0.075
4 0.7578125 0.94375 0.090625 0.0734375
4 0.384375 0.9625 0.053125 0.0671875
4 0.2625 0.965625 0.053125 0.053125
4 0.665625 0.1609375 0.046875 0.05625
4 0.509375 0.1609375 0.075 0.05625
4 0.80625 0.1640625 0.034375 0.059375
4 0.921875 0.1734375 0.05 0.065625
4 0.359375 0.1875 0.0890625 0.0640625
4 0.209375 0.1953125 0.1 0.04375
4 0.7125 0.23125 0.0609375 0.090625
4 0.8453125 0.246875 0.0828125 0.115625
4 0.8953125 0.25 0.046875 0.0578125
4 0.5671875 0.2515625 0.0765625 0.1234375
4 0.434375 0.2578125 0.0859375 0.10625
4 0.2828125 0.275 0.0859375 0.115625
4 0.7640625 0.3078125 0.05625 0.05625
4 0.6796875 0.3171875 0.06875 0.06875
4 0.4578125 0.334375 0.0703125 0.0765625
4 0.5484375 0.340625 0.05625 0.06875
4 0.659375 0.0359375 0.04375 0.05625
4 0.31875 0.371875 0.0671875 0.065625
4 0.9078125 0.378125 0.053125 0.0515625
4 0.7828125 0.3828125 0.046875 0.0640625
4 0.625 0.384375 0.0609375 0.0625
4 0.4890625 0.4046875 0.0625 0.0703125
4 0.6921875 0.4078125 0.1015625 0.1515625
4 0.8375 0.4109375 0.06875 0.1140625
4 0.3921875 0.415625 0.1140625 0.140625
4 0.540625 0.4234375 0.0921875 0.0953125
4 0.2 0.4296875 0.1 0.134375
4 0.509375 0.0453125 0.0390625 0.065625
4 0.503125 0.5390625 0.0390625 0.071875
4 0.1546875 0.0546875 0.075 0.053125
4 0.3359375 0.559375 0.034375 0.075
4 0.74375 0.5625 0.1 0.121875
4 0.878125 0.5625 0.08125 0.128125
4 0.4234375 0.565625 0.1 0.1203125
4 0.58125 0.565625 0.0875 0.1515625
4 0.234375 0.575 0.10625 0.1140625
4 0.5953125 0.0625 0.0578125 0.084375
4 0.8515625 0.6765625 0.046875 0.065625
4 0.2578125 0.6765625 0.0328125 0.0546875
4 0.921875 0.684375 0.04375 0.0875
4 0.353125 0.06875 0.05 0.0546875