3 0.5328125 0.659375 0.053125 0.0515625
3 0.64375 0.665625 0.0578125 0.046875
3 0.075 0.696875 0.034375 0.0359375
3 0.4375 0.7171875 0.040625 0.046875
3 0.85 0.728125 0.109375 0.096875
3 0.5390625 0.734375 0.1328125 0.103125
3 0.69375 0.740625 0.078125 0.090625
3 0.184375 0.7640625 0.1328125 0.121875
3 0.35625 0.7640625 0.0828125 0.078125
3 0.090625 0.7734375 0.021875 0.0421875
3 0.434375 0.7796875 0.040625 0.0484375
3 0.2703125 0.78125 0.0359375 0.0453125
3 0.6328125 0.8078125 0.046875 0.0421875
3 0.74375 0.8109375 0.0421875 0.0453125
3 0.1265625 0.853125 0.0296875 0.0265625
3 0.2296875 0.85625 0.025 0.0359375
3 0.5671875 0.875 0.0671875 0.075
3 0.2984375 0.88125 0.0890625 0.0859375
3 0.4234375 0.8828125 0.0703125 0.0703125
3 0.8125 0.8859375 0.0765625 0.090625
3 0.671875 0.8921875 0.0578125 0.08125
3 0.175 0.9 0.059375 0.059375
3 0.7203125 0.9375 0.046875 0.0484375
3 0.3921875 0.953125 0.0390625 0.0421875
3 0.2765625 0.959375 0.05 0.053125
3 0.6265625 0.965625 0.053125 0.034375
3 0.884375 0.965625 0.0546875 0.05
3 0.5734375 0.096875 0.1046875 0.1015625
3 0.13125 0.9765625 0.0421875 0.0453125
3 0.73125 0.1 0.0984375 0.0953125
3 0.41875 0.103125 0.125 0.10625
3 0.1953125 0.1171875 0.053125 0.0546875
3 0.2703125 0.1203125 0.0859375 0.1015625
3 0.1078125 0.1203125 0.1046875 0.13125
3 0.8359375 0.1234375 0.0875 0.065625
3 0.58125 0.171875 0.0625 0.046875
3 0.759375 0.175 0.059375 0.0421875
3 0.6703125 0.175 0.046875 0.0421875
3 0.8375 0.1875 0.046875 0.040625
3 0.4578125 0.1890625 0.05 0.040625
3 0.203125 0.203125 0.0453125 0.05
3 0.4234375 0.021875 0.0609375 0.040625
3 0.7484375 0.2265625 0.040625 0.0390625
3 0.621875 0.0234375 0.0578125 0.040625
3 0.6671875 0.2421875 0.103125 0.096875
3 0.821875 0.25625 0.090625 0.08125
3 0.5296875 0.2609375 0.1 0.1375
3 0.5125 0.025 0.046875 0.0484375
3 0.3453125 0.271875 0.125 0.121875
3 0.73125 0.0265625 0.04375 0.05
3 0.44375 0.2796875 0.0421875 0.040625
3 0.2109375 0.2921875 0.096875 0.090625
3 0.7234375 0.309375 0.040625 0.04375
3 0.209375 0.03125 0.053125 0.0484375
3 0.803125 0.328125 0.046875 0.0421875
3 0.3359375 0.0328125 0.053125 0.0421875
3 0.6453125 0.3359375 0.046875 0.046875
3 0.4328125 0.3640625 0.0625 0.04375
3 0.240625 0.365625 0.0609375 0.0484375
3 0.153125 0.3765625 0.04375 0.0515625
3 0.528125 0.378125 0.0546875 0.046875
3 0.7375 0.4265625 0.1203125 0.115625
3 0.6171875 0.44375 0.0796875 0.0765625
3 0.85625 0.446875 0.08125 0.075
3 0.3453125 0.4515625 0.109375 0.1
3 0.4828125 0.45625 0.0828125 0.09375
3 0.2140625 0.471875 0.075 0.078125
3 0.559375 0.509375 0.0359375 0.0375
3 0.840625 0.053125 0.059375 0.0453125
3 0.3328125 0.540625 0.0609375 0.040625
3 0.16875 0.54375 0.0453125 0.046875
3 0.2390625 0.546875 0.0515625 0.0453125
3 0.078125 0.5609375 0.03125 0.0296875
3 0.446875 0.5890625 0.13125 0.11875
3 0.54375 0.590625 0.0484375 0.040625
3 0.7453125 0.5953125 0.10625 0.1171875
3 0.6109375 0.6015625 0.0734375 0.090625
3 0.8734375 0.60625 0.075 0.0734375
3 0.1671875 0.61875 0.0875 0.078125
3 0.3 0.61875 0.071875 0.0703125