4 0.396875 0.3015625 0.05 0.0734375
4 0.721875 0.3078125 0.0484375 0.0765625
4 0.3359375 0.325 0.0484375 0.06875
4 0.6484375 0.3390625 0.075 0.0703125
4 0.4484375 0.3453125 0.059375 0.103125
4 0.5453125 0.3546875 0.090625 0.1125
4 0.2609375 0.3546875 0.0515625 0.071875
4 0.7109375 0.3875 0.053125 0.0578125
2 0.521875 0.4578125 0.0359375 0.0828125
2 0.6546875 0.4609375 0.0421875 0.0734375
2 0.346875 0.4671875 0.065625 0.096875
2 0.4421875 0.46875 0.06875 0.0921875
2 0.2671875 0.478125 0.0515625 0.109375
2 0.584375 0.484375 0.06875 0.0859375
2 0.71875 0.4875 0.0421875 0.0703125
2 0.7546875 0.5296875 0.025 0.0515625
0 0.38125 0.5828125 0.040625 0.071875
0 0.434375 0.5953125 0.0375 0.0859375
0 0.284375 0.596875 0.0953125 0.109375
0 0.6734375 0.64375 0.11875 0.1203125
0 0.4703125 0.725 0.1328125 0.159375
1 0.5546875 0.115625 0.0484375 0.04375
1 0.671875 0.1234375 0.078125 0.0546875
1 0.453125 0.1234375 0.0484375 0.028125
1 0.3796875 0.1421875 0.0453125 0.0578125
1 0.2578125 0.153125 0.0671875 0.0625
1 0.4875 0.15625 0.0625 0.046875
1 0.31875 0.1578125 0.0328125 0.0265625
1 0.5921875 0.165625 0.0625 0.046875
3 0.7375 0.1953125 0.04375 0.0640625
3 0.653125 0.196875 0.065625 0.0515625
3 0.41875 0.2046875 0.0484375 0.065625
3 0.4875 0.228125 0.05625 0.0640625
3 0.340625 0.234375 0.075 0.0609375
3 0.5671875 0.2390625 0.0828125 0.059375
3 0.259375 0.2578125 0.046875 0.0578125