2 0.39375 0.6671875 0.0640625 0.0859375
2 0.2671875 0.66875 0.0421875 0.0671875
2 0.7921875 0.6703125 0.0765625 0.128125
2 0.1421875 0.671875 0.053125 0.1125
2 0.678125 0.68125 0.0625 0.13125
2 0.325 0.69375 0.0609375 0.121875
2 0.4609375 0.6953125 0.0734375 0.1
2 0.571875 0.7015625 0.06875 0.14375
2 0.2140625 0.7125 0.05625 0.125
2 0.8359375 0.725 0.053125 0.0578125
2 0.39375 0.0734375 0.0625 0.0796875
2 0.7453125 0.7828125 0.05625 0.0953125
2 0.6 0.7875 0.0359375 0.0875
2 0.4625 0.790625 0.040625 0.0875
2 0.3375 0.8046875 0.0359375 0.0921875
2 0.8328125 0.8296875 0.0859375 0.140625
2 0.721875 0.0828125 0.0625 0.1125
2 0.671875 0.85 0.0765625 0.159375
2 0.5234375 0.8578125 0.0515625 0.1421875
2 0.39375 0.86875 0.0515625 0.1703125
2 0.2234375 0.8859375 0.0671875 0.15
2 0.303125 0.9015625 0.04375 0.0953125
2 0.446875 0.934375 0.0625 0.1
2 0.6 0.9390625 0.08125 0.096875
2 0.7640625 0.9453125 0.0796875 0.071875
2 0.7953125 0.1234375 0.0828125 0.10625
2 0.625 0.128125 0.06875 0.1171875
2 0.4703125 0.14375 0.1 0.1328125
2 0.3359375 0.175 0.0609375 0.140625
2 0.221875 0.184375 0.065625 0.1375
2 0.665625 0.1984375 0.0640625 0.084375
2 0.5375 0.2140625 0.0703125 0.09375
2 0.7546875 0.23125 0.05625 0.1
2 0.421875 0.2640625 0.0390625 0.0796875
2 0.5921875 0.2859375 0.046875 0.115625
2 0.8234375 0.2890625 0.0640625 0.1453125
2 0.671875 0.3046875 0.08125 0.1390625
2 0.5109375 0.321875 0.078125 0.11875
2 0.3640625 0.340625 0.05625 0.1453125
2 0.228125 0.353125 0.1125 0.15625
2 0.84375 0.3796875 0.078125 0.0890625
2 0.7328125 0.38125 0.053125 0.1
2 0.421875 0.3890625 0.0546875 0.075
2 0.6703125 0.390625 0.05625 0.0703125
2 0.5640625 0.4 0.05625 0.09375
2 0.7625 0.4859375 0.0828125 0.165625
2 0.5984375 0.4890625 0.09375 0.1703125
2 0.4046875 0.4921875 0.0375 0.0953125
2 0.1453125 0.05 0.075 0.1
2 0.4796875 0.50625 0.06875 0.134375
2 0.3328125 0.528125 0.084375 0.15625
2 0.2046875 0.5453125 0.09375 0.1375
2 0.671875 0.5515625 0.046875 0.096875
2 0.85 0.5609375 0.046875 0.0890625
2 0.7296875 0.6515625 0.053125 0.071875
2 0.5203125 0.6546875 0.04375 0.0859375
2 0.859375 0.65625 0.046875 0.0734375
2 0.61875 0.6609375 0.0421875 0.065625