0 0.6515625 0.6078125 0.1203125 0.18125
0 0.8046875 0.7390625 0.0859375 0.1984375
0 0.3671875 0.746875 0.1453125 0.153125
0 0.78359375 0.07734375 0.1328125 0.1546875
0 0.1890625 0.7859375 0.0921875 0.2328125
0 0.54375 0.8359375 0.15625 0.171875
0 0.7203125 0.8546875 0.1140625 0.1890625
0 0.234375 0.9546875 0.14375 0.0734375
0 0.415625 0.9578125 0.1921875 0.0609375
0 0.440625 0.1765625 0.1234375 0.2234375
0 0.3140625 0.1890625 0.0984375 0.146875
0 0.2171875 0.2234375 0.0859375 0.184375
0 0.571875 0.225 0.096875 0.1484375
0 0.7109375 0.234375 0.09375 0.15625
0 0.80625 0.2515625 0.0703125 0.1609375
0 0.4828125 0.3765625 0.109375 0.2
0 0.296875 0.38125 0.1109375 0.1546875
0 0.6125 0.4015625 0.096875 0.1734375
0 0.7578125 0.421875 0.10625 0.1421875
0 0.446875 0.559375 0.21875 0.1359375
0 0.5453125 0.0578125 0.09375 0.115625
0 0.225 0.5828125 0.13125 0.2015625
0 0.79375 0.5890625 0.11875 0.08125